Ei,Ef,deltaE,weight
-0.357569997916631,-0.358098963874569,-0.000528965957937999,1.00234409849003
-0.355253010422615,-0.355112071293809,0.000140939128806361,1.00228590862591
-0.258289961918799,-0.258468359073483,-0.000178397154683152,1.00132952347612
-0.200127194357987,-0.200169604812788,-4.24104548009674e-05,1.00074855580744
-0.242787844355061,-0.243414131357238,-0.000626287002176651,1.00116820859347
-0.292596547542782,-0.29217626366137,0.000420283881412187,1.00162789904661
-0.277125521081277,-0.275795415344882,0.00133010573639553,1.00152034153033
-0.188259847682321,-0.187407364180167,0.000852483502153556,1.00064949657893
-0.165835484746428,-0.16676468521626,-0.000929200469831054,1.00038392441402
-0.31230356139121,-0.312993493663967,-0.00068993227275771,1.00181389062312
-0.319424150147484,-0.319065531281414,0.000358618866070248,1.00197769280911
-0.0831104887631443,-0.0831838609320803,-7.33721689360201e-05,0.999604448974794
-0.182518137959752,-0.182753444549085,-0.000235306589332435,1.00056247525178
-0.284568979256541,-0.284577777901447,-8.79864490560545e-06,1.00158947177537
-0.314197731768323,-0.314217775324079,-2.00435557559109e-05,1.00184636228954
-0.266651616919922,-0.266355614295086,0.000296002624835867,1.00137825341471
-0.269839635174049,-0.269887809997742,-4.81748236932367e-05,1.00147479788259
-0.212072158017753,-0.211302822894183,0.000769335123569553,1.00088595913365
-0.314195729800558,-0.314035762162242,0.000159967638316161,1.00187114836443
-0.271345069717243,-0.271931310722011,-0.000586241004767729,1.00143775604378
-0.199438766045656,-0.198772023692962,0.000666742352694261,1.00073065070424
-0.346105961840025,-0.346817507038976,-0.000711545198951336,1.00221468649819
-0.3407492089077,-0.341909818879208,-0.00116060997150857,1.0021511732512
-0.189121261241716,-0.188917460199717,0.000203801041998408,1.00062450335389
-0.306085986593037,-0.305310879849742,0.000775106743295784,1.0018247473187
-0.366283454023775,-0.366858195337318,-0.000574741313542904,1.0023871966511
-0.224135255364324,-0.223546513818587,0.000588741545736848,1.00098272909684
-0.19286946300567,-0.191166664570748,0.00170279843492194,1.00065407818058
-0.166135227493909,-0.16559625000916,0.000538977484749209,1.00039335175722
-0.19591180240647,-0.196810670824231,-0.000898868417761323,1.00068993655867
-0.286427669638129,-0.28641162889899,1.60407391397999e-05,1.00155516407934
-0.31867204215051,-0.319288168434012,-0.000616126283502882,1.00194413408328
-0.452097749015748,-0.451719001422651,0.000378747593097029,1.00320110594852
-0.362727589958623,-0.362231228758517,0.000496361200106377,1.00237561170622
-0.253678269190792,-0.252262424223754,0.00141584496703823,1.00127967303624
-0.181547496971829,-0.180902104811228,0.0006453921606005,1.00057961478221
-0.23564055884096,-0.236733682505126,-0.00109312366416647,1.00103567206108
-0.195042197265172,-0.195426921653982,-0.000384724388810043,1.00069175551017
-0.346297164979675,-0.345363162016222,0.000934002963453751,1.00219099729105
-0.259668294544633,-0.259494488235465,0.000173806309168301,1.00136602252415
-0.0954074328795236,-0.0954394115751729,-3.19786956492624e-05,0.999696021464082
-0.236713263443369,-0.237501607822687,-0.000788344379317546,1.00112773914985
-0.401052188085188,-0.400989669149586,6.25189356025513e-05,1.00276587730143
-0.370276916950719,-0.370824337750737,-0.00054742080001785,1.00244062636093
-0.208709085841651,-0.209563805028583,-0.000854719186932279,1.00082123297379
-0.291504909856243,-0.291314050287594,0.000190859568649893,1.00167076384587
-0.326572919138556,-0.327432647975945,-0.000859728837388829,1.00200950169408
-0.285722828000282,-0.285729219478335,-6.39147805259199e-06,1.00157116728455
-0.2575277405545,-0.258124637732767,-0.000596897178266997,1.00130949586071
-0.23884738770266,-0.238485275151356,0.0003621125513045,1.00112189460879
-0.214105377684918,-0.213422490894049,0.00068288679086892,1.00089563655639
-0.379305253085048,-0.37972121051191,-0.000415957426862568,1.00257463236356
-0.265357560037845,-0.265303089784348,5.44702534972519e-05,1.00136360124807
-0.113104994900065,-0.113166509863418,-6.15149633528683e-05,0.999875553775019
-0.296382595919898,-0.297178032480102,-0.000795436560204199,1.00166324761213
-0.348042827746691,-0.348003000153187,3.9827593504127e-05,1.00221789184922
-0.139565170078461,-0.140826955651214,-0.00126178557275353,1.00017176424497
-0.327847596289501,-0.326851873789163,0.00099572250033847,1.00199309778577
-0.299883294945035,-0.300507758293644,-0.000624463348608995,1.00174087834915
-0.305791759220333,-0.305541490357268,0.000250268863064784,1.00178603608097
-0.157780889938122,-0.158525540913606,-0.00074465097548379,1.00032231339146
-0.181019221797447,-0.180513703087593,0.000505518709854297,1.00056247695861
-0.32224817831413,-0.322099445800714,0.000148732513416239,1.00197421631732
-0.190618885554792,-0.189952838281023,0.000666047273769454,1.0006488913379
-0.179064242846914,-0.178454568842391,0.00060967400452297,1.00052510242739
-0.169585099956955,-0.169964954689317,-0.000379854732362489,1.00041744237806
-0.167083197715102,-0.167223355514472,-0.000140157799369933,1.00043799753615
-0.320638613977978,-0.31959517971089,0.0010434342670877,1.00194088193658
-0.247436667714809,-0.244989134175129,0.00244753353968033,1.00124527585932
-0.299436004088157,-0.299931912401465,-0.000495908313308091,1.00175931785287
-0.313454285510043,-0.314350393363925,-0.000896107853881667,1.00182269305534
-0.304712062694065,-0.304489374680818,0.000222688013246652,1.00176568711663
-0.312430089129357,-0.310975764780515,0.00145432434884257,1.0018602832001
-0.300054396191113,-0.300236896670067,-0.000182500478953573,1.00172750862695
-0.255409783153809,-0.254975333368172,0.000434449785636892,1.00129163920804
-0.233255777144469,-0.234112038319683,-0.000856261175213563,1.00102250672618
-0.291373693557491,-0.291903462033295,-0.000529768475804271,1.0016933129723
-0.243634358669668,-0.242683426656576,0.000950932013092626,1.00114954872696
-0.265322359434751,-0.265211050490812,0.000111308943938959,1.00137617177531
-0.266235049507441,-0.265769246355087,0.000465803152354394,1.00140622036998
-0.415600381071944,-0.414884052696352,0.000716328375592157,1.00284793278722
-0.218002244132412,-0.218820960178535,-0.000818716046122991,1.00089899522399
-0.276845517023054,-0.276995775296952,-0.000150258273898196,1.00150014986785
-0.265513900292079,-0.265657965655397,-0.000144065363318013,1.00141009105864
-0.346545689476912,-0.345162028308791,0.00138366116812122,1.0021983763353
-0.173709756372779,-0.173926430178179,-0.000216673805399914,1.00048761894147
-0.238349782020514,-0.2386786049272,-0.000328822906685899,1.00112408185443
-0.259809444228816,-0.259652309922827,0.000157134305988682,1.00134807493011
-0.260252375036868,-0.26006797377803,0.000184401258837563,1.00131939540138
-0.264705987556507,-0.264093292562744,0.00061269499376243,1.00139442406303
-0.324591746879928,-0.324940276759949,-0.000348529880020487,1.00197746459959
-0.208125372074023,-0.20893970802449,-0.00081433595046651,1.00085517318602
-0.160715097758196,-0.160698037870179,1.70598880169792e-05,1.00036693271156
-0.30501753158122,-0.304968970110028,4.85614711920324e-05,1.00177796195036
-0.183275383253351,-0.183554203389212,-0.000278820135860641,1.00057624008118
-0.308016656884226,-0.307638049811417,0.0003786070728094,1.00183576545188
-0.271860253640467,-0.27286738540253,-0.00100713176206269,1.00146937459054
-0.402413064993837,-0.402371883537811,4.11814560259405e-05,1.00271360781498
-0.239910005458551,-0.240624702414364,-0.000714696955812361,1.00113495945801
-0.200463776479306,-0.201693235879458,-0.00122945940015159,1.00069669258745
-0.247880428258008,-0.246972264049934,0.000908164208074214,1.00122160566654
-0.255454286386004,-0.254639725674353,0.000814560711650814,1.00129797044538
-0.184499279177461,-0.185936588983286,-0.0014373098058254,1.00054212407312
-0.340818596704661,-0.341606340517694,-0.000787743813032926,1.00206880660983
-0.237305389911744,-0.236157996520024,0.00114739339172035,1.00112616478135
-0.252561495183666,-0.253681146860388,-0.0011196516767224,1.00130258874776
-0.210233478711499,-0.21011059107999,0.000122887631509888,1.00079779463624
-0.22042345611818,-0.219760463537302,0.000662992580877708,1.00090148038129
-0.219803268376894,-0.220118510375856,-0.000315241998961852,1.00099042238201
-0.302835232085574,-0.303076997842277,-0.000241765756703871,1.00178527078471
-0.25146863010003,-0.251428583532973,4.00465670566952e-05,1.00123257527407
-0.245773134582053,-0.245797957749149,-2.48231670955112e-05,1.0012090729796
-0.181627787623353,-0.181898196778414,-0.000270409155061352,1.00056349726392
-0.230405704325423,-0.229704562374189,0.00070114195123358,1.00103270812528
-0.185762248436031,-0.186231970159361,-0.000469721723330097,1.00058898892754
-0.136222713317455,-0.137168855563962,-0.000946142246506798,1.00012508054517
-0.157326495886815,-0.157098692457655,0.000227803429160123,1.0003651981348
-0.241928827429821,-0.242116197770355,-0.000187370340534898,1.00110477790246
-0.231637242029817,-0.231278397512462,0.000358844517355433,1.00102921365217
-0.345297210746133,-0.34620335725326,-0.000906146507127115,1.00218804706286
-0.31054424318564,-0.310507531344023,3.6711841617354e-05,1.00184454043769
-0.323676955023915,-0.323773760291769,-9.68052678541054e-05,1.00194802026823
-0.189679610934405,-0.188108761300389,0.00157084963401649,1.00065225395082
-0.267952608029321,-0.267895919237226,5.66887920946391e-05,1.00139706725598
-0.214738925811926,-0.215375066775345,-0.000636140963419574,1.00091574235411
-0.220165248785217,-0.220149284540819,1.59642443981478e-05,1.00093224314339
-0.186533950777505,-0.186080019968582,0.000453930808923392,1.00059809397879
-0.311684308181408,-0.311013691752602,0.000670616428805282,1.00185237985095
-0.227042781903938,-0.227470104918123,-0.000427323014185049,1.0010406597279
-0.276459829740221,-0.275247536888836,0.00121229285138458,1.00150708051526
-0.348489989433697,-0.349058867051019,-0.000568877617321661,1.00220521743887
-0.367176664428731,-0.368480674112481,-0.00130400968374955,1.0024189061502
-0.242691404874631,-0.243101160642341,-0.00040975576770963,1.00120964282947
-0.309640589860772,-0.310590990275516,-0.000950400414744146,1.00181499652173
-0.243357206715328,-0.242344754167963,0.00101245254736498,1.00118040853954
-0.348235519625419,-0.347723818510781,0.00051170111463833,1.00224292332895
-0.153512105698509,-0.154264379307585,-0.000752273609076676,1.00026475101083
-0.187967269331986,-0.186933905223347,0.00103336410863908,1.00062442349197
-0.168552790683577,-0.1681513764531,0.000401414230476738,1.00037502421673
-0.194787557683731,-0.195644001173249,-0.000856443489518272,1.0006781181249
-0.248160428591773,-0.248123490463392,3.69381283810977e-05,1.00120762440723
-0.310815692310924,-0.310801246056497,1.44462544268698e-05,1.00186803499843
-0.180269307795648,-0.180746622269744,-0.000477314474095769,1.00053074471077
-0.361072990823626,-0.361004556426729,6.8434396897521e-05,1.00233840623474
-0.244864904268623,-0.244177675892331,0.000687228376291538,1.00115740437077
-0.165806384362092,-0.165802840664769,3.54369732311066e-06,1.00042667818155
-0.270902145987977,-0.271056924576971,-0.000154778588994153,1.00143257493275
-0.340998336692891,-0.340372383103965,0.000625953588925976,1.00210323124728
-0.334442244738861,-0.334672061830179,-0.000229817091318862,1.0020275084024
-0.266933123417498,-0.267183949697011,-0.00025082627951295,1.00141480918845
-0.195584222019608,-0.196684904825664,-0.00110068280605605,1.00067061394635
-0.215228491403627,-0.216412546378408,-0.00118405497478075,1.00091846970012
-0.23336403904054,-0.233435881621217,-7.18425806767731e-05,1.00104654704996
-0.256740847660146,-0.256269502458656,0.000471345201489948,1.00131596239226
-0.164547147235277,-0.164647403192434,-0.000100255957157791,1.00036101217389
-0.273922256388063,-0.273106248837466,0.00081600755059752,1.00145465273501
-0.224952822752739,-0.224586249914577,0.000366572838161605,1.00095899915264
-0.22639057552041,-0.22573195813548,0.00065861738492945,1.00097595180085
-0.113476262589906,-0.113736704498785,-0.00026044190887875,0.999924342290964
-0.225535305995363,-0.225322647521912,0.000212658473450617,1.00099500186163
-0.260858028463372,-0.261692951629753,-0.000834923166381341,1.00137424476675
-0.158349847310545,-0.159141381125792,-0.000791533815246659,1.00033318718277
-0.354303719023502,-0.353807193875265,0.000496525148237059,1.00227529096731
-0.35138526869854,-0.350280978070097,0.00110429062844297,1.00224266658991
-0.33267151866955,-0.332862135944119,-0.00019061727456865,1.00207464087213
-0.250707229430084,-0.250326215491665,0.000381013938418828,1.00124080065326
-0.230322947495592,-0.230418907874605,-9.59603790132157e-05,1.00097975180176
-0.254126313181516,-0.254788020049143,-0.000661706867627454,1.001271481872
-0.244869377147538,-0.244974119573313,-0.000104742425775017,1.00117791697542
-0.340179269933179,-0.339471449709329,0.000707820223850519,1.00209763420276
-0.200746622688656,-0.199593701196973,0.00115292149168353,1.00078184089622
-0.319980326216102,-0.320185389991364,-0.000205063775262582,1.00192983267036
-0.302686307712651,-0.302225129085292,0.000461178627359005,1.00177714681242
-0.202293835500357,-0.202916842143383,-0.000623006643026586,1.00075360067213
-0.250920311854088,-0.251552087151126,-0.000631775297037396,1.00118843903209
-0.389594849925223,-0.388599785371717,0.000995064553506397,1.00259549321581
-0.255343830899302,-0.254992879050474,0.000350951848827774,1.0012673462513
-0.31171688214141,-0.311435931233148,0.000280950908262467,1.00178281181042
-0.211459273577347,-0.211534210992152,-7.49374148048265e-05,1.00086592517198
-0.241504483961337,-0.241854968031055,-0.000350484069717744,1.00116923774155
-0.26457400728704,-0.264491393849054,8.261343798599e-05,1.00139830080016
-0.201286078707435,-0.201047044688484,0.000239034018950562,1.00078689653065
-0.324624755401133,-0.325021468978794,-0.000396713577661634,1.00196374028134
-0.248070491661887,-0.248805386998439,-0.000734895336551966,1.0012275616109
-0.303463304968951,-0.302887090508581,0.000576214460369651,1.0017677268221
-0.201645868771922,-0.20186764718577,-0.000221778413848739,1.00077428414887
-0.224106927285808,-0.223515321757904,0.000591605527903827,1.0008938148507
-0.316429639788793,-0.315171630149643,0.00125800963914935,1.00193045681043
-0.243271058483411,-0.243797728803624,-0.000526670320212974,1.00114943365593
-0.221829526694416,-0.220565493961924,0.0012640327324924,1.00097712043779
-0.308362549474971,-0.309408874877837,-0.00104632540286631,1.00187495681673
-0.160156983408054,-0.159596664745573,0.000560318662481213,1.00032770239667
-0.45113576964744,-0.45112762077643,8.14887101002748e-06,1.00327676005292
-0.22508742435953,-0.225148742793562,-6.13184340320372e-05,1.00094960666531
-0.191735901805887,-0.19169989621969,3.60055861964859e-05,1.00066018561716
-0.201921867826412,-0.200363228055077,0.00155863977133497,1.00075922169622
-0.326529593755626,-0.326335731715459,0.000193862040166637,1.00199838317862
-0.225869995435555,-0.226923830526945,-0.00105383509139007,1.00101293055351
-0.242987083397053,-0.243820103863994,-0.000833020466940643,1.00116509384633
-0.242216883549086,-0.242849943117527,-0.000633059568440536,1.00112967546387
-0.111700952486328,-0.111537673051862,0.000163279434465688,0.999884963094393
-0.32210040698691,-0.322920598520226,-0.000820191533316195,1.00196710739572
-0.316447927702826,-0.316283329102214,0.00016459860061202,1.00188273584325
-0.317862572564281,-0.318443788768331,-0.000581216204050827,1.00190153403812
-0.290912807868076,-0.29302604435158,-0.00211323648350464,1.00161959422602
-0.242285324671868,-0.242265858950082,1.94657217861549e-05,1.00112801363096
-0.324994620629992,-0.325251926474272,-0.000257305844280298,1.0019299265788
-0.308093347758624,-0.308376237188501,-0.000282889429877531,1.00182674767932
-0.248603706082334,-0.248806702957389,-0.0002029968750549,1.00121671301093
-0.224529724113053,-0.225707458742772,-0.00117773462971962,1.00097026497074
-0.142580255493378,-0.141847445278372,0.000732810215005764,1.00015381756071
-0.105592015554194,-0.105296926788995,0.000295088765199888,0.999729647672026
-0.327602138617449,-0.32694152368998,0.000660614927468439,1.00199500833045
-0.278837848906283,-0.279660890829589,-0.000823041923306567,1.00150434224399
-0.192904328746033,-0.192556383164384,0.000347945581649467,1.00068063697865
-0.315097773032836,-0.314946375995162,0.000151397037673473,1.00187053108489
-0.27621941512522,-0.276055034261923,0.000164380863296676,1.00149684225793
-0.322615450603692,-0.323282373624859,-0.000666923021166332,1.00197142245284
-0.284177679304616,-0.28483762143129,-0.000659942126673085,1.00157642670006
-0.283897514342494,-0.283339517271041,0.000557997071452709,1.00156312737732
-0.236168669269106,-0.236772944267854,-0.000604274998747739,1.00107447399028
-0.224808397458004,-0.224851800209723,-4.34027517190183e-05,1.00097466729024
-0.27938262537033,-0.280013036948204,-0.00063041157787419,1.00153792094657
-0.282978968707457,-0.283238199437343,-0.000259230729885707,1.00154635640518
-0.321102303828505,-0.320472883043512,0.000629420784992507,1.00197877611843
-0.408328193112651,-0.408208022774148,0.000120170338502756,1.00282432058448
-0.209166092245738,-0.209255859352358,-8.97671066206474e-05,1.00083076625187
-0.191471950945614,-0.191854207545838,-0.000382256600223452,1.00064203318289
-0.178382004696217,-0.178411952830673,-2.99481344563646e-05,1.00053475619903
-0.162449818311425,-0.16279921507222,-0.000349396760795151,1.0003547715719
-0.279965946293521,-0.280255492233535,-0.000289545940013902,1.00149456214949
-0.21987205735116,-0.219604027242009,0.000268030109150247,1.00098870698961
-0.17003941956258,-0.171633592601904,-0.00159417303932413,1.00044854718211
-0.113300187497177,-0.113001434399642,0.000298753097534882,0.999897270471341
-0.290074663508953,-0.290590349603303,-0.000515686094349932,1.00165475510194
-0.341490159095771,-0.341944277393865,-0.000454118298093664,1.0021469530837
-0.251448867225011,-0.252038182737509,-0.000589315512498634,1.00126809408837
-0.220257192023491,-0.219600066960753,0.000657125062737546,1.00089941390917
-0.342177571483096,-0.341357481304574,0.000820090178521693,1.00214230562008
-0.189097802699669,-0.187537558692979,0.00156024400669,1.00060856905434
-0.0478126605882216,-0.048374577792053,-0.000561917203831433,0.999220916368243
-0.130764489540578,-0.131629973005461,-0.000865483464883021,1.00004814110474
-0.181692823294396,-0.181069996197351,0.000622827097044448,1.00053775448396
-0.123965238546178,-0.123744963016944,0.000220275529234593,0.999921431159848
-0.322813594139089,-0.3219929653248,0.000820628814289071,1.00191740844975
-0.365648015472161,-0.365101539390237,0.000546476081923319,1.00241472107724
-0.174522383685417,-0.175434009768074,-0.000911626082657574,1.00048742921451
-0.344707618334803,-0.344898468278368,-0.000190849943564941,1.00215176267676
-0.21256909273238,-0.213102359219622,-0.000533266487242057,1.00089398634742
-0.254868220760839,-0.254581225438017,0.000286995322822448,1.00131081543775
-0.223428680516116,-0.222756012401632,0.000672668114483771,1.0010342983239
-0.259661830263141,-0.26065741273539,-0.000995582472249845,1.00137146468101
-0.179346690111713,-0.180121060471798,-0.000774370360084986,1.00049492276079
-0.410628743217852,-0.409704492846179,0.000924250371672541,1.00284291366066
-0.202042860489832,-0.202711266155938,-0.000668405666105959,1.00076351174373
-0.0985011845918274,-0.0988019073649687,-0.000300722773141388,0.999730309830001
-0.361916826956852,-0.361626973581923,0.000289853374929039,1.00238367325266
-0.304417897518976,-0.30375860285562,0.000659294663356236,1.00180013870554
-0.177360099722371,-0.176735869885785,0.000624229836585694,1.00050816989134
-0.302787888859926,-0.301886078072204,0.000901810787721613,1.00178060509515
-0.133455641765564,-0.134479911410285,-0.00102426964472083,1.00007815772781
-0.214272715170529,-0.214180937837655,9.17773328742155e-05,1.00084147288074
-0.147410930575077,-0.14655835631224,0.000852574262837025,1.00019476950228
-0.248342424353133,-0.248366863898791,-2.44395456574509e-05,1.00120458469384
-0.307472021111232,-0.307956844683951,-0.000484823572718951,1.00186143382777
-0.222637083320317,-0.22330966340529,-0.000672580084973395,1.00095307442828
-0.338360949652482,-0.338742330221296,-0.000381380568813539,1.00211971794257
-0.307314731769799,-0.307289447050984,2.52847188155214e-05,1.00180739468938
-0.207686385959614,-0.207635857635926,5.05283236880427e-05,1.00082166956817
-0.164975844431664,-0.165232091237877,-0.000256246806213556,1.0003933052156
-0.278766906354575,-0.27930442223181,-0.000537515877235384,1.00150305960981
-0.157462897503057,-0.157680846482406,-0.000217948979349153,1.0003503333398
-0.213862900396923,-0.213872626784508,-9.72638758506283e-06,1.00088305109289
-0.201215536090959,-0.200680870852584,0.000534665238374948,1.00074714650771
-0.317129151810099,-0.317721521357928,-0.000592369547828708,1.00189202154579
-0.282582926002659,-0.282008156132442,0.000574769870217484,1.00154013626817
-0.246682170688748,-0.246465197095767,0.000216973592981257,1.001199443683
-0.246737456186026,-0.247218353503276,-0.000480897317249568,1.00121346002372
-0.280667591915491,-0.281439441670444,-0.000771849754952814,1.00151014162867
-0.219268225516798,-0.219594462622962,-0.000326237106164196,1.00096487923863
-0.228878327959643,-0.229382938854055,-0.000504610894412699,1.00102634497431
-0.336246958376246,-0.336400171022879,-0.00015321264663315,1.00214562891545
-0.177618968756439,-0.176792684956261,0.000826283800178074,1.00050964416727
-0.325525183679584,-0.326384390154673,-0.000859206475089302,1.00192839403249
-0.199325008715789,-0.200502357855566,-0.00117734913977688,1.00072554869583
-0.22229118200599,-0.221915911287306,0.000375270718683318,1.00097019044245
-0.221090584940038,-0.221387634824616,-0.000297049884578071,1.00094857727901
-0.133612076706227,-0.135412670141378,-0.00180059343515165,1.00007495701373
-0.356151287442154,-0.355344055389257,0.000807232052897455,1.00229276171683
-0.377383572079805,-0.376314407205079,0.00106916487472586,1.00250744539
-0.270011195584967,-0.270025141614129,-1.39460291614379e-05,1.00142633944578
-0.23056923133772,-0.230248838088007,0.000320393249713224,1.00104424052151
-0.223150808202034,-0.223961866764981,-0.000811058562946526,1.00094589901382
-0.385854236743689,-0.386397983595963,-0.000543746852274651,1.00260847652626
-0.299721636095731,-0.300058851367481,-0.000337215271750402,1.00174560351103
-0.377874544985641,-0.37790217830096,-2.76333153185204e-05,1.00247005977409
-0.260874772188628,-0.260745785669809,0.00012898651881893,1.00132190445826
-0.23690290492289,-0.236161026812307,0.000741878110582822,1.00115836609351
-0.13546819145348,-0.135510013203532,-4.18217500519624e-05,1.00012142832699
-0.222877974672018,-0.222962659368042,-8.46846960246561e-05,1.00094112516761
-0.432850976477889,-0.431792736993773,0.00105823948411582,1.00305986954093
-0.243304788346623,-0.242836964278048,0.000467824068575151,1.001152211867
-0.249612319753519,-0.250631139273959,-0.00101881952044022,1.00127274516515
-0.312887520088186,-0.312684349264715,0.000203170823471377,1.00183038686196
-0.358412640191718,-0.358773451745679,-0.000360811553961005,1.0023239936408
-0.273866733169834,-0.273526254655352,0.000340478514481324,1.00149310655422
-0.293320855323401,-0.29422965479244,-0.000908799469039323,1.00166989142143
-0.276405112863582,-0.276442769395508,-3.76565319255007e-05,1.00152187047048
-0.197867438017362,-0.198982943458182,-0.00111550544082012,1.00078685539884
-0.30745738757862,-0.307887379890065,-0.000429992311444749,1.00181849806507
-0.351238046275852,-0.352375017323207,-0.00113697104735538,1.00224285088049
-0.280314906658901,-0.279826687817173,0.000488218841727506,1.00150014266867
-0.326890094899776,-0.327688064926337,-0.000797970026560235,1.00200564717775
-0.135273506478274,-0.136413342394662,-0.00113983591638719,1.00009458373431
-0.143257719443969,-0.142998381538029,0.00025933790594021,1.00015044963016
-0.262013918947154,-0.262180553506572,-0.000166634559418066,1.00135482952528
-0.368769704638427,-0.369520006222758,-0.000750301584331203,1.00244167884654
-0.132864722871583,-0.133151419738121,-0.000286696866537706,1.00007971101165
-0.171106500242504,-0.171061037404287,4.54628382169642e-05,1.00041406469974
-0.106896455572972,-0.105518200866332,0.00137825470664014,0.999817451115836
-0.165566697785296,-0.16598438137302,-0.000417683587724482,1.00039864495755
-0.276643109889384,-0.275761280217332,0.000881829672051859,1.00151975393268
-0.122916671026544,-0.124096824051345,-0.00118015302480168,0.999985987949086
-0.217016283737471,-0.217333362462075,-0.000317078724604153,1.00087544518024
-0.294655926864687,-0.294905438440145,-0.000249511575458217,1.00166786536037
-0.306380928872437,-0.306657642689325,-0.000276713816887875,1.00178414339543
-0.274960269881215,-0.274551822733001,0.000408447148213531,1.00150685520641
-0.26606522790255,-0.26593943482605,0.000125793076499625,1.00143677158832
-0.318897592725374,-0.319816692070761,-0.000919099345387309,1.0019257684199
-0.144257308815193,-0.144746465190397,-0.000489156375204608,1.00017548212227
-0.187516881315935,-0.187829982974142,-0.000313101658206749,1.00059713709509
-0.143434059748951,-0.142928444685776,0.000505615063175036,1.00020282194526
-0.320561083372114,-0.320358856981681,0.000202226390432603,1.00194848326737
-0.37409519340879,-0.3736102420579,0.000484951350889273,1.00245397672272
-0.3963710880858,-0.397534656020214,-0.00116356793441402,1.00264023077031
-0.167657542422358,-0.167291728349408,0.00036581407295036,1.00042647324389
-0.3679190502407,-0.36722908330118,0.000689966939519393,1.0023954297359
-0.215115374468975,-0.215220604860648,-0.000105230391673455,1.00091102670746
-0.128836182162368,-0.128461498576377,0.000374683585991631,0.999985560478662
-0.292147873447143,-0.291612236722702,0.000535636724440569,1.00163734101622
-0.20953991484475,-0.209795030566947,-0.000255115722196525,1.00080025218129
-0.479329442262115,-0.479986045074604,-0.000656602812489138,1.00350546545655
-0.252005081131207,-0.250265262118317,0.00173981901289033,1.00125940364696
-0.28534246996525,-0.285293795542558,4.86744226924074e-05,1.00158771524962
-0.396861962021075,-0.397036473914468,-0.000174511893392681,1.00270034626027
-0.130657357381309,-0.130535689031364,0.000121668349944398,1.00002856239513
-0.2431102529692,-0.243061131798038,4.91211711621531e-05,1.00111575455131
-0.236535012790578,-0.236124768239495,0.000410244551082878,1.00109298868229
-0.147021064242659,-0.146490974566556,0.00053008967610213,1.00016678221955
-0.290537138837953,-0.290358436140728,0.000178702697224919,1.00167675475031
-0.238529511128911,-0.238515255378101,1.42557508095997e-05,1.00111389456915
-0.335339379162694,-0.33515531065293,0.000184068509763713,1.00206431325554
-0.404188232424828,-0.404722333096724,-0.000534100671895521,1.00278624246867
-0.36553327934905,-0.365875890506232,-0.000342611157181871,1.00235987153888
-0.265565628704669,-0.265670392329345,-0.00010476362467593,1.00139735920784
-0.238929520743305,-0.238556072207252,0.000373448536052451,1.00115778741221
-0.35128026687273,-0.351610000882851,-0.000329734010121485,1.00224409220051
-0.228228585976704,-0.228535006155165,-0.000306420178460914,1.00098629501987
-0.327919740351991,-0.328254694471549,-0.00033495411955764,1.00201026756719
-0.256617920888356,-0.25644927412457,0.000168646763786029,1.00134541661324
-0.242328920487942,-0.241927634926476,0.000401285561466319,1.0011536083906
-0.21381419732563,-0.21429743750744,-0.000483240181810896,1.00093735691034
-0.18359588459727,-0.184233483028383,-0.000637598431113023,1.00060805011448
-0.0825119860697855,-0.0826942173147072,-0.000182231244921671,0.999574546175447
-0.296404329558289,-0.297090053310632,-0.000685723752342771,1.00169040162733
-0.288200968080797,-0.28775343028418,0.000447537796617381,1.00162071954992
-0.267347072035346,-0.267749562312149,-0.000402490276802725,1.00143893402102
-0.414515165835722,-0.413843325481485,0.000671840354237174,1.00289147287968
-0.131185415450439,-0.131765227689032,-0.00057981223859277,0.999995968958836
-0.293409550886565,-0.293713947601854,-0.000304396715289368,1.00166246981078
-0.261830358169635,-0.262156577814342,-0.000326219644706249,1.00135838084027
-0.115681310640409,-0.116816446272054,-0.00113513563164468,0.999976080058121
-0.349652841506747,-0.349633827136139,1.90143706078616e-05,1.00219086861993
-0.263526746797722,-0.264804330316795,-0.00127758351907259,1.00131508661907
-0.16440162080494,-0.164261660951839,0.000139959853101501,1.00042554011416
-0.326210358718075,-0.32592851558053,0.000281843137545146,1.00197364526707
-0.31249479080457,-0.312901295374428,-0.000406504569858246,1.00183809069754
-0.263688844150033,-0.263233046830144,0.000455797319888651,1.00137575699708
-0.152947317034541,-0.153792345488161,-0.000845028453619528,1.00026880180465
-0.319032111230934,-0.318994409710428,3.77015205064724e-05,1.0019432788611
-0.179973400485247,-0.180332286296872,-0.000358885811624993,1.00056527381503
-0.139028574983355,-0.138683262382668,0.00034531260068793,1.000159665703
-0.313418279406688,-0.312116361843555,0.00130191756313308,1.00189393491248
-0.300770527013698,-0.301246125502314,-0.000475598488615281,1.00175846286211
-0.240083260640644,-0.240286656411891,-0.000203395771247228,1.00114831986245
-0.359339417689471,-0.358754285088983,0.000585132600487648,1.00234580263097
-0.202420316149847,-0.202878058480451,-0.000457742330604277,1.00078438993233
-0.129798249663276,-0.129580009290189,0.000218240373087014,1.0000815724885
-0.152195660562308,-0.152153755687297,4.19048750111561e-05,1.00024871308636
-0.244870838087421,-0.244986570148131,-0.000115732060709556,1.00122852661389
-0.277943031690379,-0.276945577560476,0.000997454129903264,1.00148884218659
-0.263740102822701,-0.264465620679903,-0.000725517857201818,1.00134489993894
-0.217794797535138,-0.218534666710624,-0.000739869175486685,1.0009274174162
-0.285268545488306,-0.285836668371767,-0.000568122883460587,1.00159752811982
-0.22537858308677,-0.22484575738028,0.000532825706490381,1.00098271427314
-0.358776487801128,-0.359826258923338,-0.00104977112220972,1.00232910309921
-0.0741784209927848,-0.0733319072853537,0.000846513707431051,0.999478418701898
-0.175406998253811,-0.175407568013247,-5.69759435936623e-07,1.0004704801002
-0.300079918000575,-0.300443412270271,-0.00036349426969623,1.00173437786994
-0.197527447297073,-0.196965818704861,0.000561628592211677,1.00071776051133
-0.33069492343092,-0.330232545098196,0.000462378332723279,1.00201642684579
-0.120161569666932,-0.11996728215084,0.000194287516092212,0.999963841785385
-0.249560494203056,-0.250201705315877,-0.000641211112820672,1.00126797900526
-0.349927291925817,-0.349402011703049,0.000525280222768043,1.00223208007071
-0.203720679890742,-0.203792061108849,-7.13812181079576e-05,1.00078452629136
-0.370097751886699,-0.370396634548062,-0.000298882661362743,1.00243056399777
-0.214845930853817,-0.215017938548597,-0.000172007694779597,1.00093115274059
-0.138338550079418,-0.137795040018282,0.000543510061136232,1.00016567431972
-0.397470671656594,-0.397175541050109,0.000295130606485339,1.00269722928246
-0.121948316481273,-0.121348638356756,0.000599678124517028,0.999929099239595
-0.259420347672264,-0.260153874251213,-0.000733526578948596,1.00136122714758
-0.298354943960534,-0.299111989068506,-0.000757045107971255,1.00170214088985
-0.399780396752207,-0.398816175111092,0.000964221641114926,1.00272418937233
-0.235736087857165,-0.234761665862116,0.00097442199504974,1.00109364369117
-0.336440848147781,-0.337682564610233,-0.00124171646245252,1.00210974766835
-0.259413802671878,-0.260444537302073,-0.00103073463019487,1.00134355945598
-0.0364046775958242,-0.0379238287162985,-0.00151915112047431,0.999124210225383
-0.397201427333192,-0.397853772102315,-0.00065234476912357,1.0026675799746
-0.259370130533641,-0.258716678104489,0.00065345242915188,1.00129299115862
-0.158307976207375,-0.158885199522449,-0.000577223315073927,1.00032695875553
-0.28621984318131,-0.285488809244042,0.000731033937267533,1.00157784141844
-0.191839047648475,-0.193339938125274,-0.00150089047679894,1.00062548082885
-0.314114051644972,-0.314728056940057,-0.000614005295085485,1.00186679106519
-0.277164700266661,-0.277319934788613,-0.000155234521951431,1.00152394934934
-0.206348367320056,-0.207263889633789,-0.000915522313733153,1.00080567134205
-0.294930595645345,-0.294350023804657,0.000580571840688104,1.0017231912356
-0.24500856175333,-0.245063079843518,-5.45180901871944e-05,1.00120714569575
-0.421527699628787,-0.421674805895156,-0.000147106266368768,1.00296543436107
-0.231897470068899,-0.23184355873608,5.39113328187901e-05,1.00106132851586
-0.364993186871912,-0.365804395067705,-0.00081120819579289,1.00240192935457
-0.371783516608708,-0.37158865355352,0.000194863055187788,1.002422656662
-0.263439819039119,-0.262058250324152,0.00138156871496642,1.00136882548413
-0.364269854504608,-0.364556590348107,-0.000286735843499641,1.00233589660309
-0.145349689067827,-0.144716237066844,0.000633452000983942,1.00017612277867
-0.420056984701809,-0.419941004456176,0.000115980245632974,1.00292594092321
-0.098790157579352,-0.0986739926319571,0.000116164947394901,0.999722519985052
-0.221573054417955,-0.222175537810391,-0.000602483392436598,1.00094381001132
-0.198228692848626,-0.198206038503428,2.26543451983252e-05,1.00073476678264
-0.360591625058065,-0.361096660077142,-0.000505035019076894,1.00233187048214
-0.321631292417219,-0.321774081521759,-0.00014278910453952,1.00195977959216
-0.251196109535585,-0.251963271235765,-0.000767161700179486,1.00121438700206
-0.338659693533317,-0.338343709773884,0.000315983759432092,1.00209217908941
-0.135984066608885,-0.136396912782622,-0.000412846173737352,1.00007742532905
-0.214651882963641,-0.214624292441039,2.75905226026218e-05,1.00086945808117
-0.307332478774924,-0.305877300213799,0.00145517856112537,1.00181356613195
-0.254421985999233,-0.254517727389345,-9.57413901117032e-05,1.00131663713908
-0.138409073611296,-0.138402309932041,6.76367925483978e-06,1.00013349691776
-0.19777792730821,-0.197862464673144,-8.45373649339121e-05,1.0007232378443
-0.297150623960979,-0.296925699692297,0.000224924268682314,1.00174260559541
-0.278947282796101,-0.278799789006499,0.000147493789602215,1.00151775871816
-0.197162572710443,-0.197717805957093,-0.000555233246649856,1.00065470940225
-0.314683607714342,-0.314399161412781,0.00028444630156127,1.00188406261993
-0.488755505931458,-0.488274373350629,0.000481132580828325,1.003609957511
-0.242423509885384,-0.241809124263163,0.000614385622220354,1.00117111231222
-0.243246779601691,-0.241992873289473,0.00125390631221822,1.00114379892883
-0.273747720978631,-0.272518096327282,0.00122962465134879,1.00152712415165
-0.247902640998518,-0.247148480615048,0.000754160383469205,1.00125574286142
-0.164991591171697,-0.164995585863482,-3.99469178460898e-06,1.00037378432744
-0.101511358667826,-0.10195765174317,-0.000446293075343454,0.99975624066592
-0.295527877060144,-0.295282438577804,0.000245438482339877,1.00173258272227
-0.286513640086625,-0.287431127613008,-0.000917487526383542,1.00158194852199
-0.207188830290179,-0.206678378182766,0.000510452107413378,1.00076665925392
-0.219036030338464,-0.220367387578329,-0.00133135723986511,1.00094715156538
-0.34202208522209,-0.341131686873249,0.000890398348841637,1.00211641239667
-0.307292544577044,-0.307642032034964,-0.000349487457920794,1.00182984726145
-0.210543444896062,-0.209348254157585,0.00119519073847676,1.00077446403672
-0.218720293948709,-0.218658012736925,6.22812117839211e-05,1.00092701449503
-0.188200660790083,-0.188781497850152,-0.000580837060069339,1.00060746153418
-0.372581390073206,-0.372956383097847,-0.000374993024641335,1.00244879314636
-0.174737802016475,-0.174794763795032,-5.69617785571297e-05,1.00048160610935
-0.144179591862328,-0.144740523491978,-0.000560931629649958,1.00018762595169
-0.159953964597947,-0.160264732206858,-0.000310767608911161,1.00033563201016
-0.270094413107032,-0.270773000617141,-0.000678587510108575,1.00145126892127
0.0207915219718686,0.0210621579181934,0.000270635946324815,0.998564657175026
-0.368788242234228,-0.369688167654718,-0.000899925420490333,1.00237704607527
-0.232548380727025,-0.232031000559607,0.000517380167417397,1.00105081972902
-0.34373130563088,-0.344371977483124,-0.000640671852244146,1.00217448814072
-0.198371931093925,-0.197991576925994,0.000380354167930891,1.00068853886547
-0.282582346001805,-0.282203874934437,0.000378471067367991,1.00157473220252
-0.230802733237815,-0.229011189259028,0.00179154397878714,1.00103900192183
-0.185213250268937,-0.185426814993391,-0.000213564724453913,1.0005869164267
-0.212919338667165,-0.213304058867105,-0.000384720199939959,1.00087835513201
-0.247388207768054,-0.24651921894752,0.000868988820534183,1.00119273830639
-0.174807529982947,-0.173319264862449,0.00148826512049757,1.00043433232504
-0.13505167244573,-0.134379765259191,0.000671907186539006,1.00008369619107
-0.241032955774902,-0.240829239364191,0.000203716410710819,1.00109517683457
-0.0369382614435431,-0.0363670142901965,0.000571247153346582,0.999084389640192
-0.292382214402861,-0.292301600456909,8.06139459519906e-05,1.00167892139579
-0.202444287517402,-0.202406905350475,3.7382166926947e-05,1.00076096692563
-0.150346917052975,-0.150879264993122,-0.000532347940147782,1.00020285520919
-0.126428410946828,-0.125869289704711,0.000559121242116434,1.00001293843033
-0.237564463444226,-0.2373067871341,0.000257676310125854,1.00110878965273
-0.197431268954856,-0.197841217640197,-0.000409948685340999,1.00071549330346
-0.25574746902436,-0.25628214712933,-0.000534678104970765,1.00126495866369
-0.232205785322571,-0.232225031349925,-1.92460273547856e-05,1.00109816431789
-0.332857463610439,-0.332915635355657,-5.81717452175501e-05,1.0020754669952
-0.208135709972144,-0.207318801087211,0.000816908884933548,1.00084627387957
-0.256013592071684,-0.256518329899567,-0.000504737827882906,1.00129151031333
-0.189081297949625,-0.188469775752979,0.000611522196646425,1.0006586915059
-0.371506902628385,-0.371158204307183,0.000348698321201824,1.00237175139249
-0.294021838257166,-0.294731004554245,-0.000709166297078567,1.00165729879363
-0.241474201409167,-0.241529804414013,-5.56030048459999e-05,1.00119632164295
-0.19650348639884,-0.196659013127914,-0.00015552672907454,1.00071183397433
-0.364371792379544,-0.363923130489688,0.000448661889855817,1.00237097724927
-0.377324960466206,-0.376798751954037,0.000526208512168891,1.00251436273748
-0.176875582041774,-0.176784393885888,9.11881558855188e-05,1.00050026041249
-0.367199366555871,-0.366625755804915,0.000573610750955911,1.00239141424439
-0.223369273740937,-0.222193955086216,0.00117531865472059,1.00099979930182
-0.375818706962107,-0.375594149810225,0.000224557151881299,1.00246064545606
-0.249369321179677,-0.249307057844629,6.22633350477186e-05,1.0012388451527
-0.386607801094243,-0.386870571589154,-0.000262770494911191,1.00261404515958
-0.28358825868591,-0.283306726044393,0.000281532641516813,1.00157543474793
-0.249109457110282,-0.248453111164332,0.000656345945949599,1.0012242477465
-0.238884157620598,-0.23909983751665,-0.000215679896052617,1.0011701399189
-0.241504792618695,-0.241889962702856,-0.000385170084161279,1.00115706886411
-0.286280511525685,-0.285427065623537,0.000853445902147976,1.001550958066
-0.189879196345317,-0.189449171517431,0.000430024827886427,1.00063924208776
-0.191152376014953,-0.191810761234275,-0.000658385219322044,1.00070532832134
-0.256917394514954,-0.256953600465677,-3.62059507233448e-05,1.0013321602085
-0.184443727394207,-0.184563982929387,-0.000120255535179775,1.00060288651175
-0.293835592251631,-0.294182913461625,-0.000347321209993257,1.00165316158975
-0.252043961366912,-0.25078806689896,0.00125589446795149,1.00129696900866
-0.237756338942211,-0.238181772656703,-0.000425433714492024,1.00106103145858
-0.445998048884749,-0.445657480526521,0.000340568358227711,1.00322106510456
-0.155009201929381,-0.155583569047649,-0.000574367118268027,1.00028978033622
-0.205134026352898,-0.20521993014119,-8.59037882924851e-05,1.00077561412443
-0.418173798084438,-0.419237346769031,-0.00106354868459341,1.00289298501119
-0.175328203833592,-0.175489294429222,-0.000161090595629965,1.00050458911492
-0.224842637556002,-0.225264181887726,-0.000421544331723339,1.00097997805266
-0.33324321950382,-0.333482444498486,-0.000239224994665665,1.00204879311116
-0.278746568412145,-0.27840531770498,0.000341250707165119,1.00154760551184
-0.152319270392847,-0.151683344992594,0.000635925400253062,1.00023561362986
-0.185769023936194,-0.186361594521107,-0.000592570584913493,1.00053075399327
-0.324855723932049,-0.323661960448646,0.00119376348340294,1.00198227338758
-0.186443220780118,-0.186218617890651,0.000224602889467435,1.00061751429504
-0.279410420988586,-0.279400502338655,9.91864993060698e-06,1.0015409004172
-0.291653468432293,-0.291307987195492,0.000345481236801393,1.0016307240868
-0.213228411963289,-0.212594953888512,0.00063345807477716,1.0008616015335
-0.291262955685142,-0.291181143693976,8.18119911662474e-05,1.00168861763122
-0.272054377144115,-0.272073482932961,-1.91057888466739e-05,1.00143809286895
-0.294824309515962,-0.294855717772527,-3.14082565642249e-05,1.00167480495473
-0.367441976504296,-0.366526900569315,0.000915075934981469,1.0023658131815
-0.133673741597082,-0.132420659166402,0.0012530824306794,1.00004041953278
-0.0958727771662088,-0.0964748461845056,-0.000602069018296764,0.999655772462229
-0.252639124171098,-0.251929926372089,0.000709197799008299,1.00122884737964
-0.288521539538652,-0.289098877361125,-0.000577337822473323,1.00159339955681
-0.1893143156659,-0.189934529682845,-0.000620214016945564,1.00062940207967
-0.32125119884846,-0.321663331353013,-0.000412132504552964,1.00198859529615
-0.231414849394673,-0.231305447416846,0.000109401977826634,1.00104827339903
-0.243191804616367,-0.244185476633896,-0.000993672017529285,1.00120605151941
-0.212047920958695,-0.213678282954087,-0.0016303619953919,1.00090345660666
-0.166651162336462,-0.166817951956449,-0.000166789619986896,1.00040000077927
-0.25411011954648,-0.253447078827398,0.000663040719081909,1.00129526290836
-0.242181154231653,-0.242053910061887,0.000127244169765811,1.00117488766342
-0.35292139692435,-0.353358969957045,-0.000437573032694483,1.00229287392496
-0.221511498352804,-0.221308837473089,0.00020266087971571,1.00095257861349
-0.0929235575787724,-0.0939847748107937,-0.00106121723202131,0.999661133593076
-0.193408196828663,-0.193540202540654,-0.000132005711991012,1.00066993532707
-0.34917329788449,-0.349950170973246,-0.00077687308875557,1.00226472035422
-0.191317740701673,-0.191452942162377,-0.000135201460704559,1.00067281996853
-0.233899376392369,-0.233681291062215,0.000218085330153717,1.00106227939216
-0.217435030766168,-0.217729688033258,-0.000294657267089882,1.0009212638291
-0.326569359138859,-0.326345419483292,0.000223939655566663,1.0020437275155
-0.368988014811438,-0.369128669088331,-0.000140654276893082,1.0024246917862
-0.320973969997574,-0.319801869717969,0.00117210027960485,1.0019793007038
-0.294636801146327,-0.295213377358204,-0.000576576211876345,1.00170577509815
-0.124928382921973,-0.124004225647688,0.000924157274284937,0.999964501805098
-0.263385537773719,-0.263024992700294,0.000360545073425311,1.00134879936074
-0.20376339682557,-0.203894741869579,-0.000131345044009024,1.00077685244457
-0.415890862440125,-0.416357610187677,-0.000466747747552176,1.00291516566671
-0.254513126680221,-0.254464246477215,4.88802030059743e-05,1.00129936671419
-0.265819828803333,-0.264954884244658,0.000864944558674863,1.00141276789764
-0.294664766132443,-0.294793278887909,-0.000128512755466381,1.00166536650688
-0.174101711444148,-0.175414347470341,-0.00131263602619322,1.00049507168476
-0.272122147567782,-0.271170268890208,0.000951878677574458,1.00143370540331
-0.365068316938294,-0.365775735070936,-0.000707418132641469,1.00233849768061
-0.247988545883164,-0.248876319262872,-0.000887773379707413,1.00123258211526
-0.29837497990218,-0.298941920272068,-0.000566940369888247,1.00166795226028
-0.270975162470788,-0.271627861768508,-0.000652699297720549,1.00144310798407
-0.33572911950649,-0.337045817436349,-0.00131669792985872,1.00205050228031
-0.410659190810888,-0.411225307018846,-0.000566116207957434,1.00279755544342
-0.23992069804396,-0.239869063236487,5.16348074730832e-05,1.0011154491291
-0.291712047086549,-0.291423463950292,0.000288583136256959,1.00166395613653
-0.239395317455167,-0.239002243146053,0.000393074309114089,1.00109855680446
-0.151731267775786,-0.152565856145001,-0.000834588369215572,1.00030470331656
-0.179815712873183,-0.180270571816273,-0.000454858943089942,1.00056148344548
-0.234591173830257,-0.235496146664089,-0.000904972833832313,1.00107981782768
-0.0698873533737517,-0.0689003675798766,0.000986985793875073,0.999449073122209
-0.306364870574061,-0.305319463584205,0.00104540698985572,1.00178216199185
-0.190399805050407,-0.189646700900857,0.000753104149549738,1.00066910836659
-0.164974616536226,-0.165941773804547,-0.00096715726832064,1.00037974284023
-0.253489943165731,-0.254384122116564,-0.000894178950832492,1.00126311350177
-0.186637092265802,-0.186487965241534,0.000149127024267975,1.00062667727377
-0.214621296029939,-0.215365957000409,-0.000744660970469713,1.00091107358303
-0.382648757612433,-0.382415828764677,0.000232928847755887,1.00250707956958
-0.176931390806481,-0.177171276161985,-0.000239885355504205,1.00051708819179
-0.362761378567951,-0.363006097498311,-0.000244718930359489,1.00235943236809
-0.450293391757737,-0.450230818170735,6.25735870018462e-05,1.00322741805473
-0.288457428231701,-0.289182295094397,-0.00072486686269585,1.00163101663982
-0.187680653689616,-0.187573209579416,0.000107444110199362,1.00055956641972
-0.289931872146418,-0.288676636170327,0.00125523597609162,1.00168235487988
-0.15809696465285,-0.158659361020719,-0.000562396367869006,1.00033914625155
-0.275643190545932,-0.275265847378829,0.000377343167102973,1.00151929648268
-0.248283656988121,-0.248438973976952,-0.000155316988830867,1.00122178124831
-0.191192565946751,-0.191576998940422,-0.000384432993670913,1.00065322868747
-0.310246762477767,-0.31073594190358,-0.000489179425813446,1.00184069337135
-0.392757462031153,-0.393041422025802,-0.000283959994648253,1.00269901966187
-0.0745251500073805,-0.0740785150791496,0.000446634928230938,0.999454585405529
-0.293129939429368,-0.29322935429743,-9.94148680621976e-05,1.00165299037504
-0.158124567702431,-0.158575016082469,-0.000450448380038243,1.00030911008481
-0.21671220263587,-0.217043778871391,-0.000331576235520742,1.00097122301883
-0.201975871090768,-0.202423753834567,-0.000447882743799199,1.00075641976853
-0.291242292411079,-0.291434003428196,-0.000191711017116403,1.00165680759525
-0.191753858721057,-0.192250140055671,-0.000496281334613352,1.00065767368344
-0.203444353806348,-0.203691925500004,-0.00024757169365569,1.00076873271314
-0.225629793800875,-0.225844840369162,-0.000215046568287497,1.00094534262704
-0.185123876060497,-0.184714125119897,0.000409750940599418,1.0005582980752
-0.316671590605591,-0.316650383647005,2.12069585854291e-05,1.0018316097235
-0.277814431752683,-0.278699606635269,-0.000885174882586326,1.00153616041871
-0.281258483775598,-0.280841890723206,0.000416593052391723,1.00155244342384
-0.230058957408398,-0.230709814055213,-0.000650856646815218,1.00102698006867
-0.0915697581270379,-0.0915375139028387,3.22442241991738e-05,0.99965828457095
-0.190064336179461,-0.189883952667893,0.000180383511567572,1.00066012092245
-0.372938647460293,-0.37182039881147,0.00111824864882298,1.00240631264393
-0.175086514688876,-0.174741556558731,0.00034495813014529,1.00048684263255
-0.189352760476169,-0.188655143495701,0.000697616980467719,1.00064700071715
-0.456584061642142,-0.457531598021233,-0.000947536379090841,1.00329306031146
-0.379369556416788,-0.380016967359023,-0.000647410942234861,1.0025417444386
-0.16464758426093,-0.165446212144787,-0.000798627883857483,1.00040719515728
-0.246934292220365,-0.246894607208224,3.9685012141244e-05,1.00121449708783
-0.386482730305313,-0.38623446898269,0.000248261322623677,1.00257208667427
-0.235965083675661,-0.236368796166251,-0.000403712490590291,1.0011037437734
-0.240116713694442,-0.239869540140951,0.000247173553490437,1.00108892056039
-0.345289438371887,-0.345454529085928,-0.000165090714040861,1.0021858279697
-0.383725233445333,-0.383386787233225,0.000338446212107435,1.00253290734355
-0.373746347313059,-0.37424625139412,-0.000499904081061486,1.00247988691045
-0.219415706719839,-0.220372750092487,-0.000957043372648625,1.00090977576068
-0.15179480685907,-0.152677785237844,-0.000882978378773158,1.0002404971813
-0.253160184473748,-0.252786751366205,0.000373433107543897,1.0012278730279
-0.38182507776275,-0.382511204227451,-0.000686126464701287,1.0025353518591
-0.266373737394693,-0.266219193899034,0.000154543495659132,1.00139981683744
-0.281625135056383,-0.281827781110911,-0.0002026460545273,1.00158829117258
-0.244613745679639,-0.244282308302511,0.000331437377128263,1.0012175634883
-0.24765802921483,-0.247285552122255,0.000372477092575096,1.00123638638713
-0.161773406121786,-0.16233950108039,-0.000566094958603769,1.00036074230107
-0.321172993717411,-0.320512686112812,0.000660307604599342,1.00193915170321
-0.137358700899053,-0.136759230510788,0.000599470388264883,1.00012207919854
-0.25139906897696,-0.252835508473589,-0.00143643949662853,1.00121931385941
-0.257935654792556,-0.258338241659922,-0.000402586867365495,1.00130920769031
-0.227691952167671,-0.228012838573499,-0.000320886405827975,1.0010533485369
-0.265960845454135,-0.264803104262763,0.00115774119137196,1.00136861325607
-0.241184299929529,-0.240804081371003,0.000380218558526463,1.00111589327546
-0.250134202973198,-0.250194403055257,-6.0200082058981e-05,1.00125584109316
-0.330632100753553,-0.330790605259332,-0.000158504505778756,1.00204554928262
-0.222864689751419,-0.22274346479082,0.000121224960599242,1.00097501418408
-0.289939731273112,-0.288944077692246,0.000995653580866174,1.0016702852018
-0.256635688703307,-0.256535827555281,9.98611480257927e-05,1.00131748162163
-0.477478276452024,-0.477536998337276,-5.87218852516891e-05,1.00350870263638
-0.15402218891119,-0.153775365122275,0.000246823788914857,1.00026091703224
-0.281810962193463,-0.281130380114191,0.000680582079271963,1.00156904495526
-0.257949133089413,-0.25826356147876,-0.000314428389346866,1.0012705262155
-0.261462677152616,-0.26143447879502,2.81983575958766e-05,1.00134661184954
-0.20196704898929,-0.202076754717672,-0.000109705728382231,1.00071419779147
-0.118032873321207,-0.118330164880367,-0.000297291559159529,0.999916751086136
-0.189693597505347,-0.190000987732293,-0.000307390226946591,1.0006350914947
-0.173920075897118,-0.174138412158604,-0.000218336261485708,1.00046712389209
-0.17835107647522,-0.17863544947406,-0.000284372998840099,1.00047415724588
-0.241001815549836,-0.241152180962611,-0.000150365412774411,1.00113049439015
-0.305133814499657,-0.304239938403688,0.000893876095968582,1.00178282877053
-0.361697922401312,-0.362242882536647,-0.000544960135335504,1.00232834269009
-0.212548541440687,-0.212987460089168,-0.000438918648481029,1.00088171747147
-0.160223928479907,-0.159658958061777,0.000564970418129362,1.00033661767528
-0.322862672320459,-0.322944713479884,-8.20411594249504e-05,1.00196303078395
-0.263210734636362,-0.262716755116231,0.000493979520130583,1.00135083754693
-0.202993460684267,-0.204087309945362,-0.00109384926109551,1.00075770615623
-0.28166429358924,-0.281408363190994,0.000255930398245396,1.00158533915816
-0.326289465270923,-0.328013605325272,-0.00172414005434868,1.00198028491538
-0.279893664777841,-0.281137020868536,-0.00124335609069526,1.0015321700308
-0.323865968153297,-0.324270825735339,-0.000404857582042562,1.00199079285003
-0.194407126041604,-0.194045891330906,0.000361234710698016,1.00067267976226
-0.402415807673622,-0.402858453696741,-0.000442646023118998,1.00275179219666
-0.218463162787888,-0.218402366225747,6.07965621409745e-05,1.00086826551396
-0.23824892511645,-0.23781526186888,0.000433663247570187,1.00112098896121
-0.297214069731268,-0.296312272688491,0.000901797042777097,1.00169062462189
-0.2322600766395,-0.232340679315002,-8.06026755020561e-05,1.001085338469
-0.329239000470046,-0.329380260292533,-0.000141259822486917,1.00203998137168
-0.192118435575467,-0.190854361247383,0.00126407432808459,1.00066446905903
-0.279517307916244,-0.277876958268294,0.0016403496479494,1.00153315346167
-0.235923763619627,-0.236551253047803,-0.00062748942817567,1.00112003067255
-0.286154977412956,-0.286215110886203,-6.01334732469594e-05,1.00163859429374
-0.226037005684455,-0.226030532458379,6.4732260764977e-06,1.00101887119758
-0.293108800275433,-0.292071590969081,0.00103720930635198,1.00168800627746
-0.210751764634646,-0.211355924967852,-0.000604160333206011,1.0008450871249
-0.36697676377212,-0.366571435004629,0.00040532876749122,1.00239214845639
-0.357072920267009,-0.3563152900805,0.00075763018650965,1.00233635479964
-0.254161315529129,-0.254616268671274,-0.000454953142144054,1.00125596260691
-0.230489467914353,-0.230513457202674,-2.39892883202864e-05,1.00101750392129
-0.11395499306064,-0.115420811558542,-0.00146581849790214,0.999883021828082
-0.30299517801728,-0.302955082035007,4.00959822731695e-05,1.00183935651096
-0.197349121741822,-0.197080070839633,0.000269050902188372,1.0007061826829
-0.307208625319124,-0.306288179550579,0.000920445768544886,1.00180469242363
-0.419362228962,-0.419074937083563,0.000287291878436735,1.00294460681387
-0.301118058634825,-0.301370846650441,-0.000252788015615679,1.001744304901
-0.348527250675944,-0.349276103496407,-0.000748852820462109,1.00226136276269
-0.291872069597503,-0.291381146376155,0.000490923221347472,1.00164952689541
-0.270712440328326,-0.270145504509592,0.000566935818734016,1.0014095737908
-0.17508561102674,-0.175471944627163,-0.000386333600422784,1.00053767982174
-0.359012974884714,-0.35789722725612,0.00111574762859451,1.00234967229478
-0.164498935580331,-0.165559682647843,-0.00106074706751161,1.00038350688751
-0.368351345837212,-0.368610481899297,-0.000259136062085108,1.00244915977245
-0.200130361117758,-0.20036046223211,-0.000230101114351178,1.00077089698166
-0.333211634119753,-0.334078895132507,-0.000867261012754861,1.00208552662165
-0.24311344563222,-0.24279886506782,0.000314580564399758,1.00114950810442
-0.311111198606359,-0.311196357430262,-8.51588239028644e-05,1.0018623481854
-0.232074173776581,-0.232982730385363,-0.000908556608782585,1.00102642335912
-0.3263565338138,-0.326195678586908,0.000160855226892354,1.00200668846273
-0.309513787842311,-0.309143351878165,0.00037043596414621,1.00185965972938
-0.198899038168544,-0.198812862888874,8.61752796706694e-05,1.00070337455117
-0.226559458321672,-0.227097504769393,-0.000538046447721763,1.00102150264233
-0.184971865759569,-0.184335422978373,0.000636442781195345,1.00056155902527
-0.342441680483244,-0.34184148291935,0.000600197563893734,1.00218019353237
-0.293964330558404,-0.293085966782634,0.000878363775770663,1.00170655074193
-0.145755484267446,-0.147098185135445,-0.00134270086799973,1.00016807362034
-0.156323111858207,-0.156966338569173,-0.000643226710966088,1.00030343777287
-0.181954113617134,-0.182134255062279,-0.000180141445145221,1.00057753309337
-0.187724181574796,-0.188608606159374,-0.000884424584577798,1.00061777418546
-0.256979678719881,-0.256318261810776,0.000661416909104373,1.00130951766374
-0.3705033762076,-0.369630019965523,0.000873356242076517,1.00241040350724
-0.146608871556611,-0.146806725888788,-0.000197854332177255,1.00027240525029
-0.245925659417841,-0.244600537822325,0.00132512159551657,1.00121197943139
-0.218136263813382,-0.218536318833408,-0.000400055020026074,1.0009040127232
-0.196627908503973,-0.196579306407055,4.86020969180656e-05,1.00071400353784
-0.229711282929599,-0.230535450678889,-0.000824167749290061,1.00104934632645
-0.27187967660397,-0.271461907950485,0.000417768653484307,1.00142064015825
-0.383024427529257,-0.3832803140819,-0.000255886552643358,1.00256351752706
-0.197299965983086,-0.198102873791221,-0.000802907808134717,1.00072772067791
-0.279825489009148,-0.279879459613893,-5.39706047451016e-05,1.00151369916902
-0.265437695778818,-0.264911380917275,0.000526314861542587,1.00140874963927
-0.172524620405978,-0.17435912336622,-0.00183450296024171,1.00047651101895
-0.310700132760692,-0.309788485331642,0.000911647429049978,1.00187312714504
-0.208021532254056,-0.207690116721695,0.000331415532360935,1.00082522649787
-0.212923701782294,-0.2128750812459,4.86205363945946e-05,1.00087850514439
-0.274805861763,-0.274340485456719,0.000465376306281851,1.00148210083008
-0.341242238976953,-0.340957285502997,0.000284953473955851,1.0020881783398
-0.362345716289194,-0.362457943159889,-0.000112226870694787,1.00236475820714
-0.289060455563705,-0.290156808071299,-0.00109635250759332,1.00158482547816
-0.307772755694954,-0.307357740908271,0.000415014786682544,1.00180770464579
-0.35006829232936,-0.349663945804826,0.000404346524534693,1.00220163343652
-0.354498346356688,-0.354464714633677,3.36317230110739e-05,1.00223920397381
-0.209598540133289,-0.209529492651846,6.9047481443818e-05,1.00087497718514
-0.288212114668233,-0.288155843753886,5.62709143469564e-05,1.00156454786944
-0.204492292568034,-0.205120221718731,-0.000627929150697454,1.0007520190146
-0.248442588377946,-0.248211873889903,0.000230714488043404,1.00118798153161
-0.31972013021296,-0.31896999803676,0.000750132176200236,1.00192984649631
-0.248665776786537,-0.249778758767906,-0.00111298198136908,1.00123287569037
-0.214255086949582,-0.214290855838541,-3.57688889588981e-05,1.00087650642485
-0.221363668406345,-0.222346835440785,-0.000983167034439597,1.00099938732088
-0.142998292682576,-0.141886011429886,0.00111228125269033,1.00018751244438
-0.250353751868571,-0.250524550342803,-0.000170798474231626,1.00122055871922
-0.247120793456519,-0.247041508689434,7.9284767085408e-05,1.0011914950244
-0.25730633932881,-0.256404613591595,0.000901725737214198,1.00132211384406
-0.256899002028496,-0.255274771472254,0.00162423055624233,1.00130940761789
-0.117898554335564,-0.116804011873334,0.00109454246222986,0.999942630930116
-0.233844411345858,-0.232728646494677,0.00111576485118073,1.00109590361695
-0.296295688642439,-0.295878035791445,0.000417652850993933,1.0017032861909
-0.204740560416585,-0.205630116939152,-0.000889556522567198,1.00080698930574
-0.150686829152954,-0.150754337403627,-6.75082506731151e-05,1.00027638179107
-0.215968073315218,-0.215174595856264,0.000793477458954278,1.0008872165663
-0.137392615723371,-0.137840022438004,-0.000447406714632809,1.00015835549307
-0.273786359329837,-0.274636783464858,-0.000850424135021677,1.00148787789437
-0.356453318798468,-0.357229180192922,-0.000775861394453459,1.00232853582871
-0.201258717784151,-0.200319384427458,0.000939333356692884,1.00075277752869
-0.231796477499717,-0.231576059928327,0.000220417571389325,1.00107885762784
-0.133255529360765,-0.134131276878416,-0.000875747517650932,1.00005729120227
-0.226967539587358,-0.228180476353152,-0.00121293676579387,1.00097827531761
-0.322696581144617,-0.324401621580585,-0.00170504043596831,1.00197910463602
-0.255820999178755,-0.256091006311499,-0.000270007132743666,1.00128649553261
-0.295827493730319,-0.296651848573919,-0.000824354843599273,1.00165071534893
-0.181510091053169,-0.180927633654704,0.000582457398465408,1.00057046629905
-0.220985786520544,-0.221137863252872,-0.000152076732327616,1.00088674966075
-0.0895897043829873,-0.0892512612874926,0.000338443095494648,0.999631226166782
-0.356463004466786,-0.355747483865187,0.000715520601599351,1.00230272256704
-0.236057838171999,-0.236606940509285,-0.000549102337285973,1.00107230251753
-0.403277882939279,-0.404124773942461,-0.00084689100318236,1.00275013803943
-0.259743928481806,-0.258829589115973,0.000914339365833627,1.00132100932604
-0.36596471609318,-0.365377487273425,0.000587228819754648,1.0024186250458
-0.223906443319531,-0.223358593790951,0.000547849528579891,1.00097143512561
-0.281971946744329,-0.282113519352067,-0.00014157260773856,1.00157454798664
-0.277696540992732,-0.27784470863318,-0.000148167640448338,1.00150504731197
-0.338341392747595,-0.337679217603918,0.000662175143676946,1.00211386333761
-0.193086065249658,-0.191925491106991,0.00116057414266696,1.00064795511371
-0.199702492152071,-0.199053455885402,0.000649036266669345,1.00074228633762
-0.133649723208564,-0.132115760331951,0.00153396287661312,1.00009953322258
-0.244191509388795,-0.244733328550922,-0.000541819162126284,1.00117388966821
-0.414522929946829,-0.414294317020561,0.000228612926268634,1.00291782182329
-0.316273628479754,-0.31693127345101,-0.0006576449712557,1.00187087095854
-0.306963989277375,-0.307521836130728,-0.000557846853352528,1.00179622552798
-0.361406612171036,-0.362037024069768,-0.000630411898732475,1.00234881330162
-0.230753238432263,-0.23107969692658,-0.000326458494317117,1.00106606713213
-0.182607436923072,-0.182223578216749,0.00038385870632221,1.00061584272311
-0.254426414011968,-0.255057252264065,-0.000630838252096977,1.00119012395941
-0.398268032215756,-0.399333764483333,-0.00106573226757656,1.00270983177333
-0.141657881517789,-0.14066390216851,0.000993979349278917,1.00017677427836
-0.278558313609617,-0.277671594528205,0.00088671908141158,1.00153461616867
-0.242878127998309,-0.24283376193647,4.43660618383579e-05,1.00114870435113
-0.368227469290774,-0.368549293629636,-0.000321824338861132,1.00239930327028
-0.170456134958307,-0.170110232462083,0.000345902496224043,1.00044523166796
-0.0555822244211314,-0.0564291435179862,-0.00084691909685481,0.999283862325246
-0.272782972035314,-0.273290098196547,-0.000507126161232274,1.00145691754434
-0.393059587301325,-0.393095867310665,-3.62800093405835e-05,1.0026000899263
-0.135130593744432,-0.135262851591058,-0.000132257846625738,1.00009707905361
-0.236207972614718,-0.236765303837033,-0.000557331222315161,1.001091616322
-0.362564806943066,-0.36354619787099,-0.000981390927924264,1.00232769538595
-0.246592131065127,-0.246778405421581,-0.000186274356453492,1.0011850320133
-0.332763297730895,-0.331797737944288,0.000965559786607395,1.0021121230728
-0.387301982174952,-0.386839914919177,0.000462067255775134,1.00257706441255
-0.304923181447392,-0.304910133169174,1.30482782174646e-05,1.00178961231869
-0.322898792912149,-0.323380950947643,-0.000482158035494507,1.00198951768747
-0.256796988408354,-0.255977780824265,0.000819207584089376,1.00130218471528
-0.27422278118441,-0.27393361282239,0.000289168362019476,1.00145859362842
-0.279990889698802,-0.280679871721166,-0.000688982022363505,1.00157148674262
-0.27492041420468,-0.275785937695802,-0.000865523491121623,1.00146814962872
-0.205745770843507,-0.206227710636817,-0.000481939793310598,1.00080174792525
-0.255518305965647,-0.254555467972368,0.000962837993278953,1.00130204271878
-0.172266558640154,-0.172589750115396,-0.00032319147524254,1.0005052935994
-0.252438766008822,-0.252310411940222,0.000128354068600067,1.00128134090851
-0.309557020441297,-0.310771849572997,-0.00121482913169974,1.00186083066786
-0.4060136105941,-0.406550597187862,-0.000536986593761613,1.00281018514915
-0.309749313400299,-0.30896144095645,0.000787872443849091,1.00188149643651
-0.299334100024657,-0.300217464045621,-0.000883364020964561,1.00170012448858
-0.264057611368267,-0.263270640286272,0.000786971081994658,1.00135985794831
-0.248667584726611,-0.248423750173838,0.000243834552772965,1.00121668039742
-0.245088588594294,-0.244401699939583,0.000686888654711088,1.00118715163175
-0.184478311690388,-0.185641230016443,-0.00116291832605561,1.00059362945283
-0.112058349488549,-0.112542159774598,-0.000483810286049449,0.999878805782472
-0.342587196045098,-0.342713383083006,-0.000126187037908565,1.00222787251365
-0.232624702319343,-0.23275558329681,-0.000130880977466469,1.00105396842997
-0.139919745118233,-0.141676121218165,-0.00175637609993157,1.00013423025956
-0.349130776360999,-0.350062732374016,-0.000931956013017265,1.00222506662395
-0.257036063979819,-0.257072668114902,-3.66041350835511e-05,1.00128399199987
-0.155956915389752,-0.156372031698496,-0.000415116308744551,1.00033759238179
-0.332395233959292,-0.33297465055731,-0.00057941659801819,1.00208673939326
-0.364295039183399,-0.364315774887039,-2.07357036399181e-05,1.00237235887401
-0.339014092361438,-0.338484687522198,0.000529404839240077,1.00214863409154
-0.255380204204056,-0.255915830288426,-0.000535626084370022,1.00122073493944
-0.286853806129399,-0.287339033325557,-0.000485227196157678,1.0016339341983
-0.270459211648239,-0.270848051651714,-0.000388840003474944,1.0014321064342
-0.172691554777341,-0.172726001263984,-3.44464866428029e-05,1.00045708209468
-0.295529863385604,-0.294911525669173,0.000618337716431328,1.00169980223271
-0.423876930172527,-0.42316280563219,0.000714124540337258,1.0029541596894
-0.343626436273191,-0.343815939972219,-0.000189503699028537,1.00214874745661
-0.361601419938751,-0.361517964011464,8.34559272867019e-05,1.00233472967684
-0.343170499752347,-0.342952030977112,0.000218468775234348,1.00221118798306
-0.330385124758608,-0.329755815630707,0.000629309127901267,1.00206835842746
-0.323504011636783,-0.323376622833724,0.000127388803058903,1.0020186400943
-0.281750708911465,-0.282172940427737,-0.000422231516271909,1.00156475256057
-0.277559297708945,-0.27737215929165,0.000187138417294785,1.00154099431261
-0.220333271254893,-0.221323302404328,-0.000990031149435355,1.00097241210393
-0.197855163140404,-0.197495109756814,0.000360053383590214,1.00077827386237
-0.131781536268563,-0.132799935437178,-0.00101839916861513,1.00007917512909
-0.35730872121628,-0.357315974662965,-7.25344668495165e-06,1.00233628816199
-0.229591870073344,-0.229015895211694,0.000575974861650091,1.00102442253444
-0.199496899993397,-0.19905160264101,0.000445297352387075,1.00073395931535
-0.250718820521873,-0.251152084100137,-0.000433263578264009,1.00126932539241
-0.229698525604186,-0.229385629424935,0.000312896179251093,1.00108674567027
-0.216431232342398,-0.215765017797206,0.000666214545192084,1.00089154360618
-0.424313501753856,-0.4237845178444,0.000528983909455605,1.00293035699577
-0.23535381770272,-0.23565997661928,-0.000306158916559329,1.00108790066351
-0.240670455140595,-0.240362855239861,0.000307599900734479,1.00117574887836
-0.277330610443122,-0.277780229312333,-0.000449618869210466,1.00149165137615
-0.171903986284249,-0.172146361219118,-0.000242374934869088,1.00044846318805
-0.128888783208123,-0.128923094535188,-3.43113270652451e-05,1.0001048813138
-0.324176848930677,-0.324326707205581,-0.000149858274903825,1.00198918885089
-0.104441746853417,-0.1040266867737,0.000415060079716451,0.99983184516202
-0.357770687464737,-0.358237032584753,-0.000466345120016587,1.00231407999041
-0.253319317972559,-0.253788095916967,-0.000468777944408361,1.0012376362859
-0.203817919143562,-0.204096765583148,-0.000278846439585811,1.00077964379578
-0.297390955365377,-0.297691485953187,-0.000300530587809988,1.00169832615392
-0.187670011319769,-0.188498185876544,-0.000828174556775807,1.00062780406437
-0.182256855904814,-0.182407895897256,-0.000151039992442287,1.00054780623507
-0.0567735000369557,-0.0559599905089109,0.000813509528044751,0.999305175530856
-0.302081464331853,-0.301739621245644,0.000341843086208715,1.00173820866218
-0.224401133485995,-0.225327377833035,-0.000926244347039556,1.00096461655895
-0.282703325326926,-0.283090660998401,-0.000387335671475031,1.00155962007645
-0.224341552690877,-0.224960469067666,-0.000618916376788792,1.00100493488622
-0.362638961112562,-0.36199893200345,0.000640029109112206,1.00236127750171
-0.370997237143984,-0.369908231334178,0.00108900580980609,1.00242167279057
-0.30942884819336,-0.30962807641728,-0.000199228223919878,1.00187595520947
-0.244450999785883,-0.244212769513992,0.00023823027189071,1.00119017294838
-0.222521992252128,-0.222059358255151,0.000462633996977269,1.00093267652663
-0.259877951633583,-0.260452779662459,-0.000574828028875207,1.00133722616549
-0.225515197386359,-0.227086470451198,-0.00157127306483895,1.00103011554026
-0.300525850518118,-0.30011114928818,0.000414701229938086,1.00177012247531
-0.286001938290405,-0.285877931223087,0.00012400706731891,1.00158408021091
-0.225788483385694,-0.226140937339738,-0.000352453954043319,1.00101095491723
-0.0730827277411237,-0.0737232597368858,-0.000640531995762098,0.999470003359312
-0.201023779524051,-0.200650064766692,0.000373714757358534,1.00078053991795
-0.268208777785994,-0.268013758024009,0.000195019761985105,1.00143577964412
-0.409665922313847,-0.409978916815266,-0.00031299450141814,1.00279913326983
-0.361438741832574,-0.361428480547004,1.02612855701345e-05,1.0023672047884
-0.371442472046571,-0.371501619091289,-5.91470447172115e-05,1.00244970536745
-0.13428249657452,-0.134590082700125,-0.000307586125605191,1.00011332381931
-0.215458054730022,-0.215039694799968,0.000418359930053375,1.00086176632561
-0.140298505583876,-0.139195921566833,0.00110258401704363,1.00016336444077
-0.199356474137835,-0.198910847639882,0.000445626497952517,1.00074226654969
-0.403238102972469,-0.402504998355228,0.000733104617241243,1.00273345243387
-0.286829810463923,-0.287311280678998,-0.000481470215074997,1.0016090658368
-0.2997835544584,-0.300259075424279,-0.00047552096587844,1.00170836822759
-0.133791256549974,-0.134008488657519,-0.000217232107544263,1.00009037253811
-0.338547774330563,-0.338921271967187,-0.000373497636624032,1.00210078401856
-0.239700764013504,-0.237850908891256,0.00184985512224806,1.00113267492682
-0.153501774267415,-0.154419585094648,-0.00091781082723244,1.00029209474893
-0.207628213963096,-0.207751121529979,-0.000122907566882879,1.00077993899098
-0.27762484927873,-0.277525466653115,9.93826256144303e-05,1.00151914771375
-0.116663076787087,-0.117418373604565,-0.000755296817477658,0.999900744674936
-0.253375853234368,-0.252366456009994,0.00100939722437404,1.00127324653192
-0.356015748870353,-0.354965735987474,0.0010500128828787,1.00225911730273
-0.252074832210438,-0.25146256133317,0.000612270877268062,1.00121339683582
-0.116050748446038,-0.115473542116724,0.00057720632931392,0.999874980034208
-0.253331361658245,-0.252603654773272,0.000727706884973311,1.00127349832391
-0.383784769047404,-0.384014688889965,-0.00022991984256121,1.00257111537111
-0.243659717790227,-0.243792015256081,-0.000132297465853998,1.00116973176512
-0.0941456894964056,-0.0940785738641496,6.71156322559346e-05,0.99966333285842
-0.317110904625752,-0.317092330308428,1.85743173236608e-05,1.00191021774812
-0.14009878225309,-0.139596970105478,0.000501812147612357,1.00015796937043
-0.251451124305044,-0.251094294634326,0.00035682967071754,1.0012055244536
-0.327649070142219,-0.327896835269781,-0.000247765127561972,1.00202838693611
-0.298082088034944,-0.298652440068658,-0.00057035203371425,1.00171830838704
-0.221123533294451,-0.221318351989192,-0.00019481869474039,1.00097407842415
-0.375911216711319,-0.375533921609033,0.000377295102286401,1.00248330876518
-0.257338839040857,-0.256681228256925,0.000657610783931895,1.00126878301892
-0.0288854112060806,-0.0289494130415067,-6.40018354260904e-05,0.999048970129131
-0.352230204499235,-0.351601530997393,0.000628673501842536,1.00225564963636
-0.255813996990782,-0.255608159710998,0.000205837279784016,1.00132889638911
-0.305838330311731,-0.307335894489713,-0.00149756417798191,1.00185208278193
-0.253236070447413,-0.253704587572446,-0.000468517125032819,1.00130725681144
-0.0727337974950251,-0.07326056049028,-0.000526762995254865,0.999490217674367
-0.288933113617685,-0.289191369911738,-0.000258256294052461,1.00163242258823
-0.215529942466784,-0.215903605033166,-0.000373662566382493,1.00085545929154
-0.239523903553302,-0.239361333428547,0.000162570124754263,1.00112639824117
-0.359092341581571,-0.360349468748865,-0.00125712716729415,1.00234351108325
-0.120951148247478,-0.121559577442657,-0.000608429195178714,0.999947725621406
-0.252542342552413,-0.252099557938949,0.000442784613464531,1.0012635134915
-0.229707647503297,-0.229814780346019,-0.000107132842722207,1.0010369572885
-0.228350867671647,-0.228890102352028,-0.000539234680381334,1.00097482619694
-0.178415544650992,-0.177739774911319,0.000675769739672732,1.0005406755479
-0.188386452055217,-0.188362426969337,2.40250858803692e-05,1.00061759298903
-0.174352021547716,-0.174577375441254,-0.000225353893538699,1.00046985462051
-0.211180540857168,-0.211135439865716,4.51009914516354e-05,1.00088503757271
-0.160608113747352,-0.159664527325399,0.000943586421952775,1.00038354959112
-0.466210182592189,-0.466802802661452,-0.000592620069263472,1.00338815822923
-0.325326354214882,-0.326236273067654,-0.000909918852771474,1.0020002246363
-0.254713717139134,-0.254530800158844,0.000182916980289993,1.00127596275515
-0.239839552012889,-0.240410942939117,-0.000571390926228016,1.00114750024264
-0.304041814325869,-0.304438235583399,-0.000396421257529811,1.00177358072564
-0.430579486585229,-0.429621883600123,0.000957602985105999,1.00305087676625
-0.297675150060872,-0.298552186218299,-0.000877036157426958,1.00169461757808
-0.20938127789721,-0.209452941197362,-7.16633001518474e-05,1.00078440981359
-0.338735958477786,-0.339088310774471,-0.000352352296684288,1.00209717976613
-0.236195798395079,-0.236293418508714,-9.76201136355104e-05,1.00102055451198
-0.264463690281404,-0.265102120337604,-0.000638430056199513,1.00135784185542
-0.237096289477161,-0.238230217839718,-0.00113392836255696,1.00109259693753
-0.205392554389883,-0.204363678264268,0.00102887612561467,1.00076097601329
-0.34879040644144,-0.34993846237034,-0.00114805592889983,1.00220792657436
-0.247508635429946,-0.247702729197065,-0.000194093767118625,1.00115857120053
-0.309483950570935,-0.309531541414608,-4.75908436732286e-05,1.00185000545166
-0.257702284899475,-0.257501243556739,0.00020104134273552,1.00132873526397
-0.373516595032719,-0.373784018542443,-0.000267423509724363,1.0024693052034
-0.200566149352028,-0.200796074577114,-0.000229925225086164,1.00074603644299
-0.309860723066131,-0.309535175692637,0.000325547373493718,1.00183516203997
-0.32937999614112,-0.328618946221474,0.00076104991964554,1.00202977312996
-0.330641225700277,-0.331149223743664,-0.000507998043386915,1.00205809832162
-0.296632576020321,-0.29795221561204,-0.0013196395917181,1.00171082518009
-0.31936139300677,-0.319407801026857,-4.64080200862638e-05,1.0019038271164
-0.111419722656893,-0.111147895405755,0.00027182725113771,0.999875576158961
-0.350289872243208,-0.350388975368349,-9.91031251405539e-05,1.00222860680459
-0.188339397305052,-0.188890332939653,-0.000550935634600874,1.00063487820913
-0.195861494756239,-0.196231855461127,-0.000370360704887635,1.0007240417052
-0.243285581536324,-0.244194809222168,-0.000909227685844227,1.00116311552552
-0.181268833680046,-0.180697658960067,0.000571174719979001,1.00059416811767
-0.116675274065606,-0.116628202349994,4.70717156112604e-05,0.999925058901925
-0.227423408729999,-0.227366000788195,5.74079418047824e-05,1.00103103019597
-0.253957454757278,-0.253210420189807,0.00074703456747055,1.0012712729444
-0.256616248098438,-0.256809000959231,-0.000192752860792733,1.00126442875381
-0.250850972716477,-0.251109792680916,-0.000258819964439216,1.00123047962036
-0.214012853679924,-0.214330048164648,-0.000317194484723865,1.00086173287643
-0.379733090926455,-0.379737461003602,-4.37007714748638e-06,1.00249254461431
-0.213051472789366,-0.212749825940646,0.000301646848719583,1.00084994113329
-0.30747870496002,-0.306403824581502,0.00107488037851877,1.00184741367806
-0.331932083910047,-0.331275636167375,0.000656447742672206,1.00207064963454
-0.15618531466778,-0.155270781280514,0.000914533387265881,1.00027495720754
-0.34549774722222,-0.344308775091489,0.00118897213073033,1.00217626868861
-0.18835570612208,-0.188018925042852,0.000336781079228188,1.00063260753637
-0.235762026429863,-0.23416184895241,0.00160017747745247,1.00108798950074
-0.153884414049609,-0.154650398572773,-0.00076598452316462,1.00026825681446
-0.208104328062412,-0.207904372480378,0.000199955582034089,1.0007986995681
-0.213307977629424,-0.214241375673577,-0.000933398044152545,1.0008799974757
-0.182625588293202,-0.183031165823546,-0.000405577530344314,1.00053162186336
-0.204307040238835,-0.203635269886883,0.000671770351952261,1.00074986199659
-0.291357552340145,-0.29081946411617,0.000538088223975108,1.00163561387453