Ei,Ef,deltaE,weight
-0.285569919349772,-0.285676482017949,-0.00010656266817638,1.00139409227736
-0.289963811797944,-0.289612382787469,0.000351429010475413,1.00140466657426
-0.316116614539011,-0.315960280373387,0.000156334165623884,1.00169637824117
-0.335493538876002,-0.335299408348483,0.000194130527519154,1.00189140642162
-0.336025123762962,-0.336242240600984,-0.000217116838021558,1.00188215048662
-0.298658227181468,-0.29820726279122,0.000450964390248165,1.00150780670812
-0.244242603248749,-0.244122315913196,0.000120287335553249,1.00096569397481
-0.214796135382547,-0.215561835603088,-0.000765700220540427,1.00070883614579
-0.298246099991177,-0.298182081858848,6.40181323283695e-05,1.00149278926438
-0.347736562820013,-0.34800380570669,-0.000267242886677566,1.00199608819802
-0.282780224217629,-0.282754979684315,2.52445333131512e-05,1.00134710884117
-0.280308564836243,-0.280073645466998,0.000234919369244857,1.00133625538693
-0.292040817085344,-0.291886576405075,0.00015424068026898,1.00144214977098
-0.310524116512192,-0.310459643039839,6.44734723526663e-05,1.00163772127824
-0.349612897497442,-0.349550522672245,6.23748251976641e-05,1.00200286295112
-0.308927278075474,-0.309117170702934,-0.000189892627459276,1.00160612120644
-0.243139394939304,-0.243452964359779,-0.000313569420474641,1.00099440748795
-0.327996775812705,-0.328093496097312,-9.67202846076654e-05,1.0017991204969
-0.343002094489741,-0.342891235758129,0.000110858731611485,1.00195007882598
-0.244412602399414,-0.24434630467261,6.62977268034437e-05,1.00098087295892
-0.301220922852152,-0.300842939263448,0.000377983588704778,1.00151174717414
-0.318791483243324,-0.318710975769456,8.05074738678413e-05,1.0017361465691
-0.240464461652265,-0.240761813982144,-0.000297352329878736,1.00093555663215
-0.390280833129366,-0.38997668781104,0.000304145318326732,1.00242854515
-0.299877091185763,-0.299994048905703,-0.000116957719940136,1.00152441465067
-0.363925424557632,-0.363837676937874,8.77476197579385e-05,1.00215869696397
-0.249949724316471,-0.249850394274303,9.93300421684162e-05,1.00100001500261
-0.271361747074115,-0.271118736211569,0.000243010862545301,1.00122588437071
-0.298020792446245,-0.298102732406577,-8.19399603324555e-05,1.00149906953514
-0.318747332508152,-0.318748517630345,-1.18512219343669e-06,1.00171558368651
-0.250439703374399,-0.250064767761111,0.000374935613287386,1.00102516770415
-0.310640451425085,-0.310450599029703,0.000189852395382106,1.00163147662616
-0.346792199189538,-0.346892110480327,-9.9911290788457e-05,1.00199474766072
-0.311078094732398,-0.310919611707597,0.000158483024801592,1.00164783042238
-0.359557905587326,-0.35922275071355,0.000335154873775334,1.00213611245244
-0.198009088639708,-0.198517611596928,-0.00050852295721987,1.00053851864689
-0.286707597022755,-0.286248520968355,0.000459076054400265,1.00137494752347
-0.29292893627069,-0.292960957870062,-3.20215993722672e-05,1.00145247974502
-0.345205586406104,-0.344638344049765,0.000567242356338926,1.00196185566181
-0.293427941128712,-0.293069170717469,0.000358770411242826,1.00148142638305
-0.214544112694621,-0.214484063524837,6.00491697846373e-05,1.00067050139521
-0.340726536698287,-0.340827704132575,-0.00010116743428773,1.00196081877402
-0.332583560860451,-0.332917020922119,-0.000333460061667734,1.00184610136892
-0.348609624497112,-0.348814172868502,-0.000204548371390278,1.00201509576175
-0.294344649323165,-0.294462659280403,-0.000118009957237319,1.00145844935801
-0.327462415225093,-0.32712326443463,0.000339150790463261,1.00179980364772
-0.385583271345099,-0.385859879151381,-0.000276607806281859,1.00237317425501
-0.312201364634201,-0.311921385372704,0.00027997926149681,1.00164164757548
-0.265683783611117,-0.265636407823933,4.73757871846114e-05,1.00117057040969
-0.275913071812229,-0.275585268917831,0.000327802894398266,1.00128028099001
-0.30177139338129,-0.301472836960034,0.000298556421255813,1.00153958768143
-0.364926689746819,-0.36497585544324,-4.916569642055e-05,1.00215704576213
-0.342146075220301,-0.342060539071849,8.55361484525807e-05,1.00195112304119
-0.285163824181481,-0.285732072402936,-0.000568248221455236,1.00137097789005
-0.308519806843874,-0.3086538360895,-0.000134029245626277,1.00162924900402
-0.318678895934806,-0.318972859004793,-0.000293963069986247,1.00169529373499
-0.27865972017299,-0.27889759732,-0.000237877147009846,1.00132505646309
-0.253357787295333,-0.253429913812796,-7.21265174621344e-05,1.00104300269142
-0.344443238264383,-0.344494300898898,-5.10626345145426e-05,1.00197482711125
-0.317551215071563,-0.317850848519445,-0.000299633447882364,1.00168587656302
-0.219454060614295,-0.218383053212319,0.00107100740197569,1.0006975876024
-0.273233598388207,-0.272973959403725,0.000259638984482446,1.00122965614161
-0.336129517717639,-0.335855459582883,0.000274058134755895,1.00189048795094
-0.346618711580833,-0.346546374400762,7.2337180070825e-05,1.00199925593775
-0.364680242507302,-0.365223166127538,-0.00054292362023578,1.00215808693591
-0.369866791366207,-0.369633402007301,0.000233389358905767,1.00220738900421
-0.269640631593067,-0.269289247714384,0.000351383878682665,1.00123868760137
-0.296605329708604,-0.295929632900941,0.000675696807662163,1.00149189521316
-0.344336581466755,-0.344138716829725,0.000197864637030143,1.00197934264841
-0.21909082859207,-0.218844386118985,0.000246442473085279,1.00071458751368
-0.307731846505078,-0.307761525555851,-2.96790507729461e-05,1.00161571947963
-0.3228216165749,-0.32265617936119,0.000165437213710762,1.00172011918643
-0.21980394444688,-0.219655451778257,0.00014849266862349,1.00070705113225
-0.305409573812621,-0.30482693468986,0.000582639122761186,1.00159436411941
-0.2680266050988,-0.268230597857885,-0.000203992759085003,1.0012324625916
-0.376951086954536,-0.376814325129004,0.00013676182553185,1.00229228454139
-0.321048273450599,-0.321505445454356,-0.000457172003757,1.00173945448413
-0.299462004507394,-0.299153317654216,0.000308686853178364,1.00148752837335
-0.257134323917837,-0.257056701047973,7.76228698635695e-05,1.00108577407947
-0.247202464965415,-0.246800286626627,0.000402178338788667,1.00099992190272
-0.264923267153594,-0.264630555406195,0.000292711747399588,1.00116677948602
-0.307164368411193,-0.307689814012248,-0.000525445601054442,1.0015804357294
-0.285998080992117,-0.285731918483124,0.000266162508992973,1.00139360587046
-0.318595000300604,-0.318690436822089,-9.54365214846375e-05,1.00170847075051
-0.265050964805673,-0.264949919317134,0.000101045488538842,1.00120186144202
-0.330199203335913,-0.330012742943914,0.000186460391999543,1.00182366116241
-0.332223262880182,-0.332194864593148,2.83982870337152e-05,1.00184344658015
-0.308035216435323,-0.307479069672046,0.000556146763277587,1.00159283909568
-0.324146602774382,-0.323839320873799,0.00030728190058249,1.00177295520247
-0.321483348472661,-0.321850123293951,-0.000366774821289384,1.00174350119096
-0.323972126557855,-0.323954566115163,1.75604426925213e-05,1.00178339924919
-0.321158114833799,-0.321287148170711,-0.000129033336911777,1.00173486474674
-0.238310475005156,-0.238408251839569,-9.7776834412755e-05,1.00091115034781
-0.291402644776025,-0.291368468194362,3.4176581663381e-05,1.00143059690904
-0.313395763327861,-0.313712096207334,-0.000316332879473191,1.00165846097192
-0.357969382878641,-0.358085679570855,-0.000116296692214024,1.00210575007197
-0.245118558939687,-0.245280858729369,-0.000162299789682074,1.00097375717816
-0.302440090450689,-0.302480517485668,-4.04270349790847e-05,1.00155552848897
-0.322417074898971,-0.322272017638332,0.000145057260638903,1.00175522479938
-0.310780055430379,-0.310205627322053,0.000574428108326308,1.00160316847879
-0.323449435495753,-0.324127048263263,-0.000677612767509661,1.00176005210968
-0.227151206626458,-0.226932503651421,0.000218702975037371,1.00079486105005
-0.258333738768302,-0.258182511948227,0.000151226820074957,1.00111327559557
-0.327025252670165,-0.326435473991429,0.000589778678735664,1.00177489978049
-0.383803504465376,-0.383556132422251,0.000247372043125249,1.00235590101541
-0.348830684480683,-0.348567583109552,0.000263101371130503,1.00198959655847
-0.321520722626482,-0.321534745518428,-1.40228919465191e-05,1.00169960441761
-0.347176321129643,-0.34695097528131,0.000225345848333558,1.00199394699141
-0.351392520289878,-0.350970508396212,0.000422011893666197,1.00203982415644
-0.24909049094235,-0.249275409922572,-0.000184918980222326,1.00104645074409
-0.316700808025574,-0.316577071777368,0.00012373624820633,1.00167262951187
-0.334479460263035,-0.335175994134484,-0.000696533871449356,1.00188021171989
-0.326537372060844,-0.326628762494875,-9.13904340313909e-05,1.00179591330492
-0.227071507506957,-0.226832995007304,0.000238512499653287,1.00082387604121
-0.33017915272246,-0.330640752167357,-0.00046159944489671,1.00179294976728
-0.286540779456068,-0.286295990949765,0.000244788506303384,1.00139721881639
-0.277698489564604,-0.276963690767038,0.000734798797565661,1.00130886452816
-0.29082670511496,-0.291053086003615,-0.000226380888655731,1.00140767163378
-0.281012037560994,-0.280769523537002,0.000242514023991947,1.00136318635122
-0.251134701241132,-0.251564245567918,-0.00042954432678538,1.00103042155382
-0.33669439359564,-0.336851247258798,-0.000156853663158263,1.00190134058388
-0.352574600642766,-0.352954275557307,-0.000379674914541051,1.00205713352725
-0.282902090361985,-0.283187107967263,-0.000285017605278437,1.00138505148045
-0.300214454320367,-0.300559210443176,-0.000344756122809486,1.00152862930534
-0.290125063349524,-0.290461251198209,-0.00033618784868511,1.00143114433837
-0.370779117482636,-0.370633586510551,0.00014553097208525,1.00222349923266
-0.249644218503086,-0.249164811267959,0.000479407235127016,1.00101324312209
-0.282986545435336,-0.282419941413523,0.000566604021813022,1.00135557635138
-0.317681507679073,-0.317836936396197,-0.000155428717123762,1.00171406754508
-0.267819350431387,-0.267589676707467,0.000229673723919965,1.00119701888364
-0.312692224523962,-0.312538578234592,0.00015364628936998,1.00166544438912
-0.326270011424636,-0.326374168220284,-0.000104156795647348,1.00179288985227
-0.256353133496237,-0.25628643076369,6.67027325472191e-05,1.00112967759362
-0.294674267611911,-0.294610254812244,6.40127996671125e-05,1.00145164551487
-0.339570330523783,-0.339527479106397,4.28514173853589e-05,1.00191906186115
-0.278571571135731,-0.278610010350598,-3.84392148667922e-05,1.00133817475006
-0.304668318456025,-0.304559060056512,0.000109258399512924,1.00157323922308
-0.357036376023269,-0.356804591268346,0.000231784754923081,1.0020854762802
-0.252627847938358,-0.25236946853108,0.000258379407278519,1.00102502574052
-0.265281230526069,-0.265824635689942,-0.000543405163873856,1.0011576005766
-0.307089657075466,-0.306844251217313,0.000245405858153025,1.00158818006675
-0.35810391444131,-0.358074328641963,2.9585799346532e-05,1.00211214930314
-0.303110133090124,-0.303438828894779,-0.000328695804654888,1.00153465489924
-0.322000103824202,-0.321988096453737,1.20073704649726e-05,1.0017479630926
-0.288935354967943,-0.288408782285092,0.000526572682850501,1.00139495125359
-0.323146953752087,-0.323742987858726,-0.000596034106638554,1.0017725017226
-0.253797287336389,-0.253568666124553,0.000228621211836866,1.00107277272601
-0.222268159803431,-0.222507030618198,-0.000238870814767089,1.00073584212344
-0.342310985012895,-0.342233240224669,7.77447882259197e-05,1.00192631880395
-0.288499741126512,-0.288925344609687,-0.000425603483175496,1.00142425105595
-0.268834309564189,-0.269188803777733,-0.000354494213544665,1.00120501963157
-0.29353164891323,-0.293503357810146,2.82911030838329e-05,1.00149715813721
-0.356390237838929,-0.356645595804073,-0.000255357965144087,1.00208371328498
-0.314529045810699,-0.313696312624528,0.000832733186170942,1.00168309015325
-0.34792890261557,-0.348273968095027,-0.000345065479457285,1.00197730383008
-0.253036480120232,-0.253210388928782,-0.000173908808549894,1.00104147158454
-0.239132728684933,-0.239305978269865,-0.000173249584932061,1.00092981910931
-0.262628820106454,-0.262201224378484,0.00042759572797002,1.0011188955476
-0.198645062135332,-0.198975762889224,-0.000330700753891355,1.00053041499146
-0.266583177326754,-0.267302793301689,-0.000719615974934751,1.00120743267158
-0.254199719224774,-0.254353273280403,-0.000153554055629612,1.00107349279495
-0.227046315649155,-0.227542132437253,-0.000495816788097847,1.00078384826719
-0.303627815393336,-0.303697830391829,-7.00149984927401e-05,1.00156376093186
-0.357141759670259,-0.356703255449373,0.000438504220886038,1.0020818340763
-0.313993641157652,-0.314365890489633,-0.000372249331980934,1.0016552258148
-0.354251557357557,-0.353735668140425,0.000515889217131416,1.00206232413432
-0.331815585434809,-0.331648206555433,0.000167378879375901,1.00183628076438
-0.320530706182834,-0.320501001314621,2.97048682132983e-05,1.00172628192081
-0.300504286544678,-0.300526731196929,-2.24446522509858e-05,1.00153167577203
-0.309033305438725,-0.308985141127246,4.8164311479193e-05,1.00161834501204
-0.274063995936406,-0.274445870851523,-0.00038187491511732,1.00127954104131
-0.335221018036555,-0.334931848520497,0.000289169516058174,1.00184217453934
-0.30951209939512,-0.309819430326503,-0.000307330931383798,1.00164157895878
-0.231506708086568,-0.231209215606531,0.000297492480036798,1.00084820298032
-0.281810513418002,-0.281581499074963,0.000229014343039402,1.00135229686085
-0.302811457489996,-0.303062670069669,-0.000251212579672755,1.0015603098543
-0.24512807323186,-0.245076796336523,5.12768953367937e-05,1.00098449845336
-0.346563266827637,-0.346970087240178,-0.000406820412540809,1.00196217920139
-0.310075401203775,-0.309957961203721,0.000117440000053148,1.00161706775247
-0.256678490847285,-0.256821554450967,-0.000143063603682603,1.00108333583728
-0.287132520431655,-0.28733387667901,-0.000201356247355677,1.00140663237301
-0.337161215358874,-0.337064371192303,9.68441665716302e-05,1.00190600968325
-0.331463810840255,-0.331739955114896,-0.00027614427464101,1.00183356833351
-0.317096903511888,-0.317018169345806,7.87341660817842e-05,1.00168910407458
-0.304438769579924,-0.304424834614932,1.39349649923015e-05,1.00157598303049
-0.269657893679345,-0.270066322640934,-0.000408428961589102,1.00122666140385
-0.283706659973771,-0.283274232522314,0.000432427451456219,1.00136180514161
-0.364485699505944,-0.364429421443627,5.62780623173387e-05,1.00218105205141
-0.271329276216013,-0.27101199350673,0.000317282709283606,1.00123044732305
-0.284489891970127,-0.284066488572319,0.000423403397807998,1.00136068656344
-0.310235858770958,-0.310803631000698,-0.000567772229739583,1.00163055949098
-0.287202512455907,-0.287064978497692,0.000137533958214642,1.00139039110267
-0.359025232831756,-0.358825767914899,0.000199464916856684,1.0021348495457
-0.264818736200967,-0.265002789197333,-0.000184052996366535,1.00117455062269
-0.298913642980178,-0.298404322837721,0.000509320142456637,1.00150613882064
-0.239752671013134,-0.239677290700323,7.53803128107911e-05,1.00093161901093
-0.341158184861004,-0.341308972034884,-0.000150787173879563,1.00191312922104
-0.285797167233571,-0.286351154764963,-0.000553987531391742,1.00138877309631
-0.237086095622029,-0.237109184328808,-2.30887067793339e-05,1.0008874293108
-0.292410065141112,-0.292594327172342,-0.000184262031229787,1.00143450893186
-0.28379542981277,-0.283763149796329,3.22800164408998e-05,1.00137457626815
-0.29067180058795,-0.291116854907117,-0.000445054319167915,1.00144433648874
-0.320734060448819,-0.320798684551662,-6.46241028433026e-05,1.00172620929897
-0.308550991626299,-0.308744101777976,-0.000193110151677112,1.00160191003537
-0.296460784325581,-0.296188171633037,0.000272612692544916,1.00150923620966
-0.309408840849373,-0.309121620329914,0.00028722051945973,1.00161529192679
-0.326449025000302,-0.326519923527592,-7.08985272901419e-05,1.00176636823128
-0.291301271998448,-0.290941065740076,0.000360206258372131,1.0014605292921
-0.251192448689716,-0.251133856733767,5.8591955949483e-05,1.00106245192594
-0.323571879625373,-0.323515543921916,5.63357034570333e-05,1.00178649800608
-0.273637571432529,-0.27372916045873,-9.15890262018215e-05,1.00125691800953
-0.227856993303796,-0.227996894551746,-0.000139901247949908,1.00079635934686
-0.326860909526939,-0.326751399042375,0.000109510484563813,1.00180630016038
-0.301456058487917,-0.301845050236905,-0.000388991748987932,1.001527124598
-0.286164170733785,-0.286669733017622,-0.00050556228383658,1.00136805594381
-0.369421923604321,-0.369614074197876,-0.000192150593554541,1.0022165333657
-0.313863833927037,-0.313827054780499,3.67791465373246e-05,1.00166696539465
-0.279672290982689,-0.279768491985631,-9.62010029419424e-05,1.00130119135511
-0.27308319705143,-0.273052332184546,3.08648668840283e-05,1.00128733744034
-0.316768578724763,-0.316946609297816,-0.000178030573052879,1.00168423071062
-0.255404941497124,-0.255834144481224,-0.000429202984100041,1.00106701233105
-0.318462421426851,-0.318538701098427,-7.6279671576085e-05,1.00170256545443
-0.358566848517509,-0.358636848285694,-6.99997681845588e-05,1.00212783538318
-0.287973991682295,-0.287524715448356,0.000449276233939588,1.00140678147302
-0.306064640290282,-0.305986790548544,7.78497417374124e-05,1.00158491566631
-0.354710310838631,-0.35507920562487,-0.000368894786239027,1.00206223677652
-0.341858385759456,-0.342564250129031,-0.000705864369575038,1.00195437555461
-0.307766138873682,-0.30713804186959,0.000628097004092665,1.00157052125786
-0.296477932331107,-0.296686752981638,-0.000208820650530572,1.00147564214361
-0.262764924618959,-0.262193892487148,0.000571032131810867,1.00117010650145
-0.251181545118422,-0.25144664217356,-0.000265097055137775,1.0010378838204
-0.278304968412548,-0.278228866132158,7.61022803901223e-05,1.00130766426557
-0.28254955490552,-0.282712298478143,-0.000162743572622859,1.00133270496045
-0.302757352460627,-0.302283680968902,0.00047367149172528,1.00154621104777
-0.22046672223533,-0.220329051517265,0.000137670718064697,1.00073907400674
-0.288727505948792,-0.288468093899961,0.000259412048831675,1.00139453998211
-0.28293556056898,-0.283145163594061,-0.00020960302508094,1.00137428732334
-0.295524984328883,-0.296006763174686,-0.00048177884580336,1.00147083790954
-0.366183371229746,-0.366054602420215,0.000128768809530722,1.00217600340629
-0.285920089328039,-0.285750196263929,0.000169893064110249,1.00138403085821
-0.29294521779836,-0.293014069354695,-6.88515563351255e-05,1.00143930390168
-0.278941588239788,-0.278986966527115,-4.53782873275355e-05,1.00130579187154
-0.292851549127176,-0.293437689534723,-0.000586140407546898,1.00141303818198
-0.323639698625664,-0.323876819502327,-0.000237120876662777,1.0017494453673
-0.412763600856678,-0.412994002525352,-0.00023040166867383,1.00264559251129
-0.36968403950033,-0.370066872010196,-0.000382832509866482,1.00223858956502
-0.344192498114811,-0.344196048544,-3.55042918831483e-06,1.00199621833272
-0.268093543616246,-0.26799529183848,9.82517777662895e-05,1.00119548709896
-0.308519867969643,-0.308932726966797,-0.000412858997153709,1.00161176500601
-0.289057351207053,-0.288579909690688,0.000477441516364641,1.00140663517732
-0.257191538488664,-0.256951755010993,0.000239783477671118,1.00107798453583
-0.289614526530577,-0.289759247853944,-0.000144721323367514,1.00143205604336
-0.284840484286659,-0.284813960857311,2.65234293480576e-05,1.0013715951178
-0.336507333111668,-0.336582638665578,-7.53055539108316e-05,1.00190635450549
-0.231549301518585,-0.231502909319237,4.63921993478222e-05,1.00084308405816
-0.290939830519567,-0.29085820160678,8.16289127877345e-05,1.00142362052984
-0.289205796541471,-0.289347985480006,-0.000142188938534626,1.00142933104249
-0.27107650978641,-0.270925655904162,0.000150853882248114,1.00124596951734
-0.271247088449632,-0.271636574136324,-0.00038948568669217,1.00124155473419
-0.337023460222882,-0.3372351543867,-0.000211694163818721,1.00186151153915
-0.280652646491431,-0.280708058780152,-5.54122887207464e-05,1.00133932919862
-0.288065359049061,-0.287888292429007,0.000177066620053845,1.00140218864382
-0.255151470075964,-0.254905142376219,0.000246327699744309,1.00108166830371
-0.275688003376101,-0.275300658883511,0.000387344492590647,1.00125928513951
-0.208034425907853,-0.208460088826766,-0.000425662918913911,1.00061113083617
-0.295419122367826,-0.295234762640281,0.000184359727544769,1.0014586779632
-0.287728425543803,-0.287544606136507,0.000183819407296448,1.00139887091046
-0.326776528358854,-0.327093117998552,-0.000316589639698384,1.00180474153911
-0.23037732614188,-0.230322116940663,5.5209201216655e-05,1.00084227666658
-0.325269867580391,-0.325578300420453,-0.000308432840061879,1.00177000700525
-0.216064055106132,-0.21601877168799,4.52834181424444e-05,1.0007013882163
-0.265503724581759,-0.265257713357608,0.000246011224150189,1.00120138407841
-0.25343444486955,-0.253552697796804,-0.000118252927253926,1.00104603549195
-0.330555905344714,-0.33045505822152,0.000100847123193637,1.0018077559506
-0.277187324251305,-0.277305485699874,-0.000118161448569243,1.00131495967337
-0.331427912022931,-0.331691861663014,-0.000263949640082306,1.00183410857554
-0.368488843666973,-0.367900949062544,0.00058789460442854,1.00220555009347
-0.202038474398949,-0.201810332443684,0.000228141955265104,1.00056951521186
-0.288046562088808,-0.288012600465383,3.39616234253937e-05,1.00142016063079
-0.2935658786062,-0.293596214958298,-3.03363520975375e-05,1.0014916086429
-0.305372423893386,-0.305464766193564,-9.23423001779056e-05,1.00157809008903
-0.320725185574935,-0.320587669157421,0.000137516417513806,1.0017354851529
-0.275009368398021,-0.274971426909694,3.79414883268647e-05,1.00127596389977
-0.296823751481191,-0.296709284615421,0.000114466865769491,1.00148758787433
-0.345002734570151,-0.344565440494581,0.000437294075569472,1.00196619807231
-0.276492350063625,-0.27656052882938,-6.81787657553778e-05,1.00129124798424
-0.321382307991467,-0.32099639389842,0.000385914093046502,1.00174645354113
-0.328766548537019,-0.328814715223464,-4.81666864450281e-05,1.00180304110948
-0.36309623446644,-0.363356008669673,-0.00025977420323281,1.0021463034682
-0.298111022003631,-0.298217287240906,-0.000106265237275027,1.00150086462125
-0.292798897390931,-0.292579601260796,0.000219296130135549,1.00146398640093
-0.312445191842437,-0.312427174579402,1.80172630344089e-05,1.00165410429581
-0.280505688764024,-0.280115403606849,0.000390285157174819,1.00132803468707
-0.328497940816195,-0.328486565119499,1.13756966967915e-05,1.00180571647337
-0.311829989689411,-0.3106190445324,0.00121094515701164,1.00162607926791
-0.331218766853391,-0.330829742694838,0.000389024158553297,1.00185401355342
-0.324365202544968,-0.324746033568697,-0.0003808310237291,1.00179056742917
-0.267508147473791,-0.267022186268888,0.000485961204902519,1.00122303555941
-0.202044015797498,-0.201734991632393,0.000309024165104838,1.00054676301987
-0.27933031061367,-0.279350679469303,-2.03688556323356e-05,1.00133443271618
-0.309712607284392,-0.309454334467973,0.000258272816419103,1.00163265038613
-0.305222745705574,-0.305513394747558,-0.00029064904198417,1.00156926114183
-0.311399165554918,-0.311568364870781,-0.000169199315862345,1.00164383113585
-0.321530168261863,-0.32168655008405,-0.000156381822187801,1.00174594558755
-0.320337934687937,-0.320696885356088,-0.000358950668150226,1.00174418962938
-0.225702761305721,-0.225582994444689,0.000119766861031739,1.00078942094835
-0.236789226896817,-0.236001899400883,0.000787327495934742,1.00090214981344
-0.231065592939841,-0.231103444317152,-3.78513773109102e-05,1.00084082806122
-0.292891336622106,-0.293422001044651,-0.00053066442254518,1.00147671013866
-0.29584446898541,-0.295619809588921,0.000224659396489302,1.00147914976374
-0.279458485392448,-0.279452881816362,5.60357608625495e-06,1.0013353945827
-0.311685737644007,-0.31203507468579,-0.000349337041783027,1.00165232191461
-0.285267576557202,-0.285521572052188,-0.000253995494986614,1.00137548274143
-0.308583584683024,-0.308823519467258,-0.000239934784234452,1.00159627300002
-0.236160867060767,-0.236512518091373,-0.000351651030606442,1.00089191859202
-0.240792377075827,-0.241503760711713,-0.000711383635886326,1.0009305608766
-0.317695473847335,-0.317465391269397,0.000230082577937218,1.00169432117621
-0.31751457077753,-0.316905876703792,0.000608694073737981,1.00167695429866
-0.276615787406033,-0.276215350770082,0.000400436635951629,1.0012745271187
-0.276282574033257,-0.276077756993674,0.000204817039582916,1.00128469923889
-0.333682045855949,-0.333776948364654,-9.49025087049749e-05,1.00186792485612
-0.283132012545667,-0.283419099019407,-0.000287086473739651,1.00136231213872
-0.227997401486857,-0.228004015608161,-6.61412130426031e-06,1.00079367987276
-0.309989458030896,-0.310225705205079,-0.000236247174182636,1.00160919708857
-0.243977643260711,-0.24422346821589,-0.00024582495517908,1.00097509499987
-0.305403533700491,-0.305976068246746,-0.000572534546255055,1.00157394225219
-0.280396328445607,-0.280603837658735,-0.000207509213127899,1.00134938690532
-0.304031828251946,-0.303866924632077,0.000164903619868539,1.00156103048313
-0.300097046646194,-0.300242519586639,-0.000145472940445091,1.0015524016208
-0.258382311566559,-0.258971036629597,-0.000588725063038809,1.00111663693018
-0.292305908913252,-0.292576080923022,-0.000270172009769365,1.0014287375422
-0.189131594452971,-0.189578771360019,-0.000447176907047847,1.00042183823389
-0.313035600346425,-0.313256552580908,-0.000220952234482708,1.00164492050082
-0.295538796703716,-0.295801938612503,-0.000263141908787179,1.00145856142166
-0.317163903512755,-0.317344664469439,-0.000180760956683734,1.0016930234045
-0.269806802776754,-0.2695572259047,0.000249576872053736,1.00123291840318
-0.274206476735913,-0.273945202623258,0.000261274112655474,1.00127175212604
-0.280075365007832,-0.279984702674592,9.06623332397327e-05,1.00133437120182
-0.252420524116848,-0.251940757407743,0.000479766709105267,1.00105098007664
-0.27864357566667,-0.278271459196429,0.000372116470240824,1.00128082671326
-0.236346068475796,-0.236273446030795,7.26224450010027e-05,1.00087054772141
-0.416052994861311,-0.416395589860878,-0.000342594999567625,1.00267051358024
-0.297613737778996,-0.297146313391047,0.000467424387948945,1.00150567079815
-0.318859000192861,-0.319213367511459,-0.000354367318598225,1.00171321824095
-0.284241488877179,-0.284702969549344,-0.000461480672165615,1.00140643129391
-0.283542560623365,-0.282941354585824,0.00060120603754088,1.00135492748289
-0.312762338000057,-0.312076806258606,0.000685531741450696,1.00162848480877
-0.278607821410723,-0.278514422573577,9.3398837146097e-05,1.00131300110548
-0.295928151349673,-0.295948355406283,-2.02040566095185e-05,1.00147228056403
-0.364806791365159,-0.364542531396995,0.000264259968163427,1.00215416250236
-0.308132608350557,-0.308126957201849,5.65114870798578e-06,1.00157590776821
-0.355325252977437,-0.355458551933566,-0.000133298956128514,1.00208822577564
-0.239137951511889,-0.23912450105591,1.34504559797244e-05,1.0009294653616
-0.327955556297568,-0.327845054119261,0.000110502178306882,1.00179578906472
-0.280982481323462,-0.281060248962888,-7.77676394266846e-05,1.00133319779955
-0.298928471859812,-0.298845406709915,8.3065149896755e-05,1.00151335820981
-0.265229049060173,-0.265382459241672,-0.000153410181499336,1.00119165432825
-0.308707687210632,-0.308622723475682,8.49637349503163e-05,1.00159830356818
-0.295550799308891,-0.295458318456855,9.24808520366693e-05,1.00148339611691
-0.252205076402168,-0.252380870674679,-0.00017579427251091,1.00106369336536
-0.310586870111367,-0.310790398226167,-0.000203528114800011,1.00163201887552
-0.290219421396282,-0.290067671331322,0.000151750064959044,1.00143046130614
-0.295898456323198,-0.29620523273767,-0.000306776414472132,1.00150310839142
-0.231443241192521,-0.231464385487682,-2.11442951614793e-05,1.00083326259348
-0.327800210453443,-0.327716864572453,8.33458809906817e-05,1.00181074877476
-0.292864773507356,-0.292769696522671,9.50769846846389e-05,1.00145602495036
-0.295207590377599,-0.295149191136844,5.83992407544032e-05,1.00149756808882
-0.282438528532467,-0.282045835593603,0.000392692938863848,1.0013919986825
-0.239639420381221,-0.23947779595191,0.000161624429311197,1.00090503802518
-0.307986161878943,-0.307471095190823,0.000515066688119514,1.0016061363094
-0.346296954681921,-0.345868907540958,0.000428047140963117,1.00196834064147
-0.231761881618023,-0.231451906667016,0.000309974951007208,1.00086794165745
-0.259718116034811,-0.259586514131258,0.000131601903552991,1.00112784600847
-0.325723560930517,-0.325982932928934,-0.000259371998416857,1.00176442772949
-0.231003256821439,-0.231168315989207,-0.000165059167767601,1.0008318802197
-0.247731864551739,-0.24772468493841,7.17961332902251e-06,1.00103944564793
-0.344332386834964,-0.344517141377746,-0.000184754542782328,1.00194779061862
-0.288280799672538,-0.288633214003214,-0.000352414330675954,1.00138540267447
-0.298489627522643,-0.298210495701465,0.000279131821177336,1.00147414252855
-0.344437638042214,-0.343962187089167,0.000475450953046685,1.00195501779245
-0.329419720669716,-0.330043569480349,-0.000623848810633265,1.00182015548126
-0.310751893110246,-0.310397144331553,0.000354748778693847,1.00162175808013
-0.378993352650456,-0.378649745793181,0.000343606857274803,1.00228373692293
-0.32760892934822,-0.327983960793987,-0.000375031445767393,1.00180291871893
-0.367460865363396,-0.367255336856456,0.000205528506940333,1.0021881246228
-0.3550419957192,-0.355250948998645,-0.000208953279445034,1.00209513459435
-0.318525720902635,-0.318900246586327,-0.000374525683691507,1.00174111891346
-0.31529570009911,-0.31485749598364,0.000438204115470131,1.0016954325943
-0.253484478237936,-0.253777252164248,-0.000292773926312551,1.00105379097667
-0.28870394934847,-0.288826391723782,-0.00012244237531206,1.00144544524069
-0.336683745243155,-0.337373753572155,-0.000690008329000069,1.00185884353949
-0.329367058235446,-0.329196873778816,0.000170184456629918,1.00181501017815
-0.284517075523283,-0.284303780330676,0.000213295192607377,1.00138030236053
-0.328326720711139,-0.328873861331654,-0.000547140620515363,1.00178288288395
-0.338119384782581,-0.338082534643656,3.68501389242937e-05,1.0018908550657
-0.356809418153017,-0.356745884413429,6.35337395874513e-05,1.00209015132031
-0.296288356342141,-0.296056713797781,0.000231642544359423,1.00146884214713
-0.257165221630346,-0.257330610260593,-0.000165388630246732,1.00111613052586
-0.335488944512287,-0.335627626706378,-0.0001386821940908,1.00187098941894
-0.3561708527011,-0.356361374205586,-0.000190521504485841,1.00206500731151
-0.338011594829904,-0.337712834680869,0.000298760149035127,1.00189579348375
-0.296325340918919,-0.296265390225492,5.99506934264582e-05,1.00148851945953
-0.334618515903543,-0.334683594280655,-6.50783771120045e-05,1.00187819992005
-0.325361329709518,-0.325327520888245,3.38088212735177e-05,1.00178804424474
-0.333556754260314,-0.33376563889604,-0.000208884635725881,1.00186527857695
-0.365699261739402,-0.365784805225524,-8.55434861215532e-05,1.00217219749194
-0.270645590177024,-0.270475462011584,0.000170128165440209,1.00123325262332
-0.302430979501175,-0.302383998443756,4.69810574199037e-05,1.00155434048914
-0.338235034559092,-0.338294765761763,-5.97312026716645e-05,1.00188752926474
-0.243715224405052,-0.243443220519663,0.00027200388538981,1.00098351530185
-0.298650737815411,-0.298658692967028,-7.95515161733373e-06,1.00151813374506
-0.35436367504772,-0.355007672556709,-0.000643997508988858,1.0020422689636
-0.28647870767155,-0.286801823502866,-0.00032311583131589,1.0013853610314
-0.27362553395513,-0.274488747752418,-0.000863213797288154,1.00124758268651
-0.277423962741504,-0.277147362255654,0.000276600485850709,1.00127518598658
-0.272196343093135,-0.272221396656826,-2.50535636909244e-05,1.00125645535485
-0.243017285254382,-0.242987662400999,2.96228533830933e-05,1.00095179847893
-0.369784425580906,-0.36924583075481,0.000538594826095806,1.00222879696343
-0.343329671150419,-0.343288898686923,4.0772463495653e-05,1.00194455152516
-0.221361457372848,-0.221032924776013,0.00032853259683524,1.00075223453653
-0.284457459792083,-0.284883566389345,-0.000426106597261999,1.00135735887506
-0.243523700163934,-0.243585009469474,-6.13093055399916e-05,1.00095638557077
-0.340538490360803,-0.340362718729468,0.000175771631334587,1.00192346563768
-0.337650343426108,-0.337751629948365,-0.000101286522256494,1.00189804835944
-0.301554705267793,-0.301483321195861,7.13840719323566e-05,1.00153442298652
-0.27508682882372,-0.275267961726744,-0.000181132903023573,1.00129744868401
-0.325650903620905,-0.325255221689101,0.000395681931804781,1.00177638472555
-0.335692124495593,-0.335966564211783,-0.000274439716189789,1.00187615503128
-0.231092691480536,-0.231011854275126,8.08372054091622e-05,1.00084272174792
-0.333318047445944,-0.333717306546726,-0.000399259100782146,1.00187000336908
-0.370061528869102,-0.369883563389718,0.000177965479383646,1.00222080122278
-0.27417795583193,-0.274284618726408,-0.00010666289447786,1.00124168911285
-0.321741821985329,-0.321345586742193,0.000396235243135867,1.00175214632406
-0.272812396598353,-0.273022090043601,-0.000209693445247572,1.00123122191139
-0.403831151341193,-0.403922193379105,-9.10420379118815e-05,1.00255579402339
-0.263858954569476,-0.263349237349896,0.000509717219580097,1.00115304003489
-0.260255665945179,-0.259688748512534,0.000566917432645864,1.00112380635139
-0.224215306459785,-0.224395875944676,-0.00018056948489098,1.00078439799107
-0.280921828798022,-0.280902203863513,1.96249345089661e-05,1.00132401107684
-0.311336263407939,-0.311251226030604,8.50373773352842e-05,1.0016380292357
-0.368066161185983,-0.367846885257131,0.000219275928851626,1.00218528776352
-0.31447771349307,-0.314488876110266,-1.116261719597e-05,1.00165749996913
-0.260047608233095,-0.25976078401441,0.000286824218684589,1.00111115689552
-0.257767883428739,-0.257478300296915,0.000289583131824755,1.00109871103477
-0.374374230210961,-0.373851123215427,0.000523106995534206,1.00224480948699
-0.376633180077234,-0.376501849849517,0.000131330227717441,1.00227235808342
-0.26572082539551,-0.265864394298726,-0.000143568903215374,1.00119430180704
-0.236985703910564,-0.236833600471629,0.000152103438935153,1.00090882236495
-0.2719771374344,-0.271744014125435,0.000233123308964911,1.00125887420859
-0.306638465371987,-0.306156172846004,0.000482292525983641,1.00160552334922
-0.273323561103262,-0.273173356031703,0.000150205071558551,1.0012361121672
-0.299864469722996,-0.300086259847614,-0.000221790124618537,1.00151936661375
-0.313869350974753,-0.313845284704946,2.40662698073879e-05,1.00166080285086
-0.267231694239221,-0.266714257290598,0.000517436948622496,1.00119263916648
-0.257192366244444,-0.257545221992857,-0.000352855748413039,1.00108903755994
-0.301685846159593,-0.302059102295698,-0.000373256136105005,1.00154336319029
-0.247306201369511,-0.24745269549491,-0.000146494125399854,1.0010085948566
-0.21785107639761,-0.218142379736696,-0.000291303339085391,1.00071381355364
-0.27517342253767,-0.275159935932319,1.34866053514426e-05,1.00125849076064
-0.338037966478163,-0.337514970373171,0.000522996104991458,1.00191677598551
-0.351200665876388,-0.351262089067819,-6.14231914309871e-05,1.00201311669684
-0.261333910210276,-0.261460935243393,-0.000127025033117123,1.00109028593138
-0.27566494072262,-0.275687477591719,-2.25368690988659e-05,1.0012987570863
-0.252513223424532,-0.252741390671064,-0.000228167246532074,1.00104599390935
-0.273215854173265,-0.273252582739505,-3.67285662398742e-05,1.00125789369249
-0.238798818137205,-0.238830360610053,-3.15424728473956e-05,1.0008900115621
-0.240743495844885,-0.240442307854779,0.000301187990106311,1.00094803400304
-0.207339815384701,-0.207337404612393,2.41077230792031e-06,1.00063260359976
-0.369877659940421,-0.369753627613525,0.000124032326895507,1.0022271841131
-0.34302827961286,-0.34279799784655,0.000230281766310791,1.00197510576346
-0.235983832789062,-0.236004427128675,-2.05943396134334e-05,1.00089156074269
-0.311119557104277,-0.310781730875769,0.000337826228508309,1.00162523141906
-0.383903440894335,-0.383756473263027,0.000146967631308448,1.00233351396808
-0.227673756178337,-0.227715040686981,-4.12845086445734e-05,1.00080228081639
-0.306461080669859,-0.305826225864995,0.000634854804864249,1.00160048483153
-0.386748692368444,-0.386680064599688,6.86277687559356e-05,1.00238176166906
-0.326387125634862,-0.326502713711919,-0.000115588077057027,1.00179081141871
-0.237884486238752,-0.237969082454141,-8.45962153895596e-05,1.00090625834764
-0.274646546464195,-0.274522105319057,0.00012444114513771,1.00129194688372
-0.341296680432451,-0.341633707985005,-0.000337027552553548,1.00191089693514
-0.277881383614838,-0.27810814794653,-0.000226764331692164,1.00130072916663
-0.342614185522361,-0.342806302113838,-0.000192116591476832,1.00194280201733
-0.379288387058624,-0.379473548704073,-0.000185161645449183,1.00228980537526
-0.297938130682437,-0.298013836803455,-7.57061210185928e-05,1.00149923427586
-0.263549639970034,-0.263764429852691,-0.000214789882657218,1.00115726998872
-0.286952322543634,-0.286801190002661,0.000151132540973209,1.00138063711882
-0.206622281937635,-0.206852541186241,-0.000230259248606063,1.00058014486412
-0.301956452975554,-0.301406972061782,0.000549480913771272,1.00156160174929
-0.259389289252143,-0.259703989798769,-0.000314700546626023,1.00110349354826
-0.283651441118533,-0.284058556244232,-0.000407115125698965,1.00135261259959
-0.225291001648048,-0.224918523618938,0.000372478029109696,1.0007757534223
-0.243847749694311,-0.2440339869137,-0.00018623721938868,1.00095458393462
-0.201009495473076,-0.201403236949367,-0.000393741476291398,1.00055877315104
-0.338135619149666,-0.338242005013235,-0.000106385863568481,1.00191054719815
-0.21456282209015,-0.21473993010864,-0.000177108018490163,1.00066414680465
-0.299834547662206,-0.299524087864803,0.000310459797403295,1.00151095265387
-0.21971015917771,-0.219487542473726,0.000222616703984296,1.00074791901304
-0.246955042271365,-0.246920205564966,3.48367063986721e-05,1.00098919454744
-0.265275408183566,-0.264989103187299,0.000286304996267139,1.00119560986666
-0.368936699044053,-0.368829308299019,0.000107390745033409,1.00221906893583