Ei,Ef,deltaE,weight
-0.309515706751751,-0.314657955295545,-0.0051422485437938,1.00146518552182
-0.318238966680685,-0.319672151319748,-0.00143318463906272,1.00152148512181
-0.330623061960948,-0.333653257222013,-0.00303019526106485,1.0016662665046
-0.346065935222223,-0.345519135139926,0.000546800082297572,1.00181868209376
-0.381482130913464,-0.380710695588458,0.000771435325005787,1.00215460261236
-0.31411132110043,-0.309589372238589,0.00452194886184087,1.0015044740375
-0.259862439214982,-0.254133514582081,0.00572892463290076,1.0009527662696
-0.250434184716189,-0.253380795844278,-0.00294661112808875,1.00089338139014
-0.31808572607333,-0.317979768423567,0.000105957649762289,1.00151702362097
-0.37527400549934,-0.370156611844246,0.005117393655094,1.00210379183325
-0.333240346902981,-0.332386331909802,0.000854014993178387,1.00168111404226
-0.303750812320578,-0.307901165888281,-0.00415035356770255,1.00139773292282
-0.34888912660079,-0.348572645356588,0.000316481244201194,1.00184621934061
-0.335885370000698,-0.337307520165738,-0.00142215016504005,1.00172921405568
-0.362931724057457,-0.364051096335285,-0.00111937227782843,1.00196275796531
-0.327708241876595,-0.32855738660386,-0.000849144727264717,1.00163960606007
-0.287021106824037,-0.283206479705977,0.00381462711805974,1.00126515925295
-0.356496197890774,-0.359260653470861,-0.00276445558008648,1.00190347552794
-0.366898712766214,-0.360889501724971,0.00600921104124358,1.0020166520989
-0.281628534641954,-0.282683267462748,-0.00105473282079338,1.00118007424059
-0.336616977114082,-0.328315251644165,0.00830172546991725,1.00168985208429
-0.374587377634631,-0.373355816529639,0.00123156110499195,1.00212519421962
-0.279299379759997,-0.277445974091291,0.00185340566870557,1.00114442353388
-0.435733295899755,-0.435234845657742,0.000498450242013504,1.00274547482229
-0.322320792381469,-0.318524846229703,0.00379594615176576,1.00158642771141
-0.386316734057228,-0.387341138339271,-0.00102440428204248,1.00221498941241
-0.265052906822747,-0.263708588613072,0.00134431820967451,1.00097369855146
-0.317535928049707,-0.318063343611456,-0.000527415561748956,1.00152644434617
-0.3373810372225,-0.340624364342214,-0.00324332711971437,1.0017147982653
-0.358620995095896,-0.358260510206108,0.000360484889788237,1.00195532106522
-0.301396970349177,-0.300107269030959,0.00128970131821832,1.00136599042458
-0.353514162131529,-0.346467446796912,0.00704671533461743,1.00189093733354
-0.366803956434504,-0.362278133082487,0.0045258233520164,1.00201957509553
-0.33308547153727,-0.33334602289095,-0.000260551353680138,1.00168358560379
-0.40113016801294,-0.401339381836006,-0.000209213823065602,1.00237831546115
-0.235550233896045,-0.240680969973677,-0.00513073607763156,1.00073355536248
-0.326068316223256,-0.32615339710248,-8.5080879223931e-05,1.00160527100582
-0.326763371787452,-0.326043388101031,0.000719983686421566,1.00163156730588
-0.374513000795883,-0.371768167725076,0.00274483307080725,1.00207949759092
-0.3427884715222,-0.342074495603357,0.000713975918843146,1.00181066867379
-0.24680113368684,-0.248104081610478,-0.00130294792363816,1.00082605501868
-0.390041557768532,-0.389329057624456,0.000712500144075701,1.00229350110054
-0.373107389076989,-0.372857327438287,0.000250061638702115,1.0020789465092
-0.377184368322594,-0.381924561597712,-0.00474019327511849,1.00212230340189
-0.328350554081021,-0.32975410115208,-0.00140354707105961,1.00163281163915
-0.346682451666798,-0.34507955243474,0.00160289923205753,1.00180433196918
-0.418562786927452,-0.416932785404559,0.001630001522893,1.00252573499439
-0.3533145267517,-0.358478100296634,-0.00516357354493452,1.00189707358095
-0.299578104458369,-0.300023891511774,-0.000445787053404645,1.00133617486624
-0.304817000665922,-0.299355814680628,0.00546118598529394,1.00139302504009
-0.331368154421168,-0.329529961049609,0.00183819337155855,1.00167332774898
-0.411951105723149,-0.411231006775417,0.000720098947731673,1.00246540933329
-0.37143451584826,-0.372122660319526,-0.000688144471266139,1.00207519239768
-0.328701739447796,-0.32562879849798,0.00307294094981569,1.00163926018224
-0.351737867504601,-0.349602083258433,0.00213578424616839,1.00188879971878
-0.358561410440251,-0.350309760898406,0.00825164954184482,1.00193184299159
-0.308899719397437,-0.313749363748417,-0.00484964435097951,1.00146050367148
-0.288184570714235,-0.288568542216947,-0.000383971502712521,1.00120404219547
-0.394193669316967,-0.388811294426581,0.00538237489038562,1.00229708149439
-0.362766510990645,-0.367645943275937,-0.00487943228529214,1.00196259352763
-0.273192686693581,-0.273107843163439,8.48435301421535e-05,1.00107103884981
-0.307627855431494,-0.303661557621068,0.00396629781042623,1.001411853956
-0.367593606552558,-0.364706178267704,0.00288742828485439,1.00203601065061
-0.377085972147149,-0.383406722498843,-0.00632075035169372,1.00214228635099
-0.387017723222382,-0.385081943980019,0.00193577924236293,1.00219611092643
-0.401454792582141,-0.394212094650947,0.00724269793119309,1.0023590497053
-0.298932719680598,-0.29620291471808,0.0027298049625184,1.0013577538128
-0.325056922348068,-0.323937915927801,0.00111900642026785,1.00159866339715
-0.361336557001063,-0.360670544399736,0.000666012601327037,1.0019711088351
-0.25944795751239,-0.267188217900727,-0.00774026038833764,1.00094415231845
-0.335227636620687,-0.334245189251956,0.000982447368730877,1.00172616439985
-0.328646146348312,-0.319386712513769,0.00925943383454336,1.00162071270568
-0.251558711802696,-0.252956656845157,-0.00139794504246099,1.00084892804308
-0.327508224648025,-0.324978460648946,0.00252976399907967,1.00164671127713
-0.298678842771746,-0.294664406187603,0.00401443658414308,1.00137015818476
-0.412948567716556,-0.413349744725049,-0.000401177008493458,1.00248717839893
-0.346401941994251,-0.344310105475709,0.00209183651854183,1.00183236136117
-0.360187394128123,-0.366261363103212,-0.00607396897508883,1.0019252412556
-0.257357131362059,-0.25536015180013,0.00199697956192896,1.00091735465737
-0.292858309109045,-0.288640722604285,0.00421758650475995,1.00127978667288
-0.311781633853002,-0.3076240482391,0.00415758561390256,1.00146050584211
-0.347044048330582,-0.353034877863771,-0.00599082953318902,1.00181634528154
-0.327159835623108,-0.32538273491011,0.00177710071299764,1.00164426097373
-0.349496985920338,-0.346406332625884,0.00309065329445402,1.00185447431252
-0.297495747584485,-0.297279640633701,0.000216106950784389,1.00135772776981
-0.354877655711934,-0.356833128752135,-0.00195547304020138,1.00190105151647
-0.37715434726673,-0.377380496264906,-0.000226148998175357,1.00211504441243
-0.334431327062731,-0.331452027584673,0.00297929947805714,1.00169535616504
-0.366805803885055,-0.364939900368917,0.00186590351613869,1.00202326589163
-0.346680873075105,-0.340205208414038,0.00647566466106669,1.00183472747541
-0.347305128232446,-0.348159845195509,-0.000854716963062829,1.00183738618742
-0.335826769428665,-0.335371764694887,0.000455004733778297,1.00170341788448
-0.269473672513621,-0.268968031352018,0.000505641161602455,1.00105392944846
-0.319051889230317,-0.313660900758235,0.00539098847208269,1.00153391813048
-0.35672518653594,-0.354282022879947,0.00244316365599306,1.00192969138879
-0.41440245705564,-0.413068879154225,0.00133357790141536,1.00249333714013
-0.28199292905577,-0.285375569207987,-0.00338264015221723,1.00117896581344
-0.333695799526468,-0.335399639229616,-0.0017038397031473,1.0016892087509
-0.371067218286675,-0.367714555186093,0.00335266310058197,1.0020756373663
-0.342352289384905,-0.336267344819656,0.00608494456524927,1.00174588334784
-0.34120711034548,-0.342099989429485,-0.000892879084004594,1.00177656678997
-0.260696512529329,-0.262519413003914,-0.00182290047458439,1.00097211329783
-0.286075156192459,-0.2847385256663,0.00133663052615918,1.00123746842754
-0.35065848513949,-0.342423352137072,0.00823513300241741,1.00183985481625
-0.416792076285154,-0.409593343016806,0.00719873326834858,1.00251727171207
-0.391572668720885,-0.387219705578589,0.004352963142296,1.00224760266677
-0.333034060814216,-0.330673304170909,0.00236075664330709,1.00164427777781
-0.383380376050416,-0.385142761951206,-0.00176238590078986,1.00219466859377
-0.400335513497217,-0.399121949371908,0.00121356412530832,1.00236532399968
-0.29121207390119,-0.291566295603022,-0.000354221701832302,1.00128889562565
-0.337366745145909,-0.3315784656531,0.00578827949280908,1.00170424370471
-0.360060316748211,-0.365996049535754,-0.00593573278754284,1.00197334651698
-0.364021221828699,-0.361716703459811,0.00230451836888862,1.0019926502718
-0.269670677179021,-0.273804411752471,-0.0041337345734504,1.00109241080708
-0.383212020810154,-0.384987578266884,-0.00177555745672964,1.00215591406855
-0.329920755368539,-0.327010676633983,0.00291007873455579,1.00167685992219
-0.301478574444192,-0.297576213545495,0.00390236089869722,1.00137756954385
-0.332002052187097,-0.329556603598206,0.00244544858889129,1.00165391596604
-0.323871828479196,-0.316828540583023,0.00704328789617303,1.00163009837978
-0.251941389239282,-0.24687872350142,0.00506266573786124,1.00086385233311
-0.364531052172702,-0.367123774403189,-0.00259272223048657,1.00200900610844
-0.380589073833598,-0.376472208664536,0.00411686516906168,1.00215920971726
-0.334515538518607,-0.330079251382468,0.00443628713613897,1.00173309688265
-0.332879625150249,-0.330644454955592,0.00223517019465674,1.00167349956246
-0.304944140856776,-0.307441650109212,-0.0024975092524358,1.00142381343031
-0.389245142977269,-0.389352058403793,-0.000106915426523357,1.0022380009048
-0.258446298878464,-0.264671673642529,-0.00622537476406537,1.00091496865615
-0.314605919010978,-0.312719700914285,0.00188621809669282,1.00149637874729
-0.35794746047598,-0.360554601967117,-0.00260714149113778,1.00195043625152
-0.304213524055034,-0.303738283097384,0.000475240957649281,1.00139323336599
-0.343998500412669,-0.345359274541926,-0.00136077412925606,1.00181551495938
-0.34927900895174,-0.337918707070607,0.0113603018811329,1.00184846621318
-0.295073778095368,-0.29887650025174,-0.00380272215637245,1.00134762577761
-0.324676907065202,-0.322917877405611,0.0017590296595914,1.00157712411497
-0.37545918408686,-0.370710705024816,0.0047484790620434,1.00211426086972
-0.325469611960061,-0.328552034293015,-0.00308242233295403,1.00163849348157
-0.323850655292532,-0.319456932755686,0.00439372253684644,1.00159516549913
-0.417625770276014,-0.416671205809344,0.000954564466670527,1.00252948785378
-0.280433646480853,-0.283765364618839,-0.00333171813798594,1.00113048859522
-0.316246768549117,-0.317857634100543,-0.00161086555142664,1.00148735147652
-0.349689570995341,-0.344481218936904,0.00520835205843673,1.00184340388535
-0.382413243745417,-0.385433789260161,-0.0030205455147434,1.00218660715087
-0.325620990339242,-0.322781447890232,0.00283954244901008,1.00158095282714
-0.340709353810691,-0.339316119211781,0.00139323459891055,1.00175582887549
-0.318221312953714,-0.312800541735992,0.0054207712177215,1.00150980638988
-0.347739732497652,-0.349255794124228,-0.00151606162657547,1.00184542051783
-0.265967320270635,-0.269980296233841,-0.00401297596320616,1.00103006034572
-0.243779448669888,-0.242142067172737,0.00163738149715151,1.00076719912411
-0.351630323307329,-0.34777333112251,0.00385699218481883,1.00186185292554
-0.336022692908686,-0.338533830993258,-0.0025111380845721,1.00172666879503
-0.304171357246031,-0.304782707342836,-0.000611350096805074,1.00139629955219
-0.317575858305232,-0.320119320479243,-0.00254346217401136,1.00157234722301
-0.383771323574306,-0.382164855815516,0.00160646775878981,1.00219082127606
-0.337267607187073,-0.335653006935663,0.00161460025141058,1.00173315873638
-0.388152240467805,-0.38629435871085,0.00185788175695534,1.00221571538683
-0.274928858874124,-0.275434672603842,-0.000505813729717919,1.00109607417165
-0.288347236490078,-0.290056640529725,-0.00170940403964759,1.00124874501964
-0.276718240412005,-0.2796937954681,-0.00297555505609487,1.00108640250001
-0.220259364528284,-0.219634054664086,0.00062530986419751,1.00056539310111
-0.29094163997703,-0.28919123346468,0.00175040651235059,1.00128849012833
-0.311200391187891,-0.307412756159171,0.00378763502872009,1.00148559040938
-0.25544245818546,-0.254063753841004,0.00137870434445608,1.00090130274384
-0.336823075126292,-0.331170046943977,0.005653028182315,1.00171818794562
-0.389732447097327,-0.38547767783851,0.00425476925881629,1.00222627381524
-0.336382711475688,-0.345430649724093,-0.00904793824840555,1.00170792346966
-0.385941531216873,-0.383720288752202,0.0022212424646707,1.00221172362611
-0.376207559553459,-0.376325826473118,-0.000118266919659049,1.00210747327805
-0.345043218243777,-0.341882246493812,0.00316097174996555,1.0018040379668
-0.343506371438094,-0.338238727627707,0.00526764381038752,1.00179476224173
-0.313728641842613,-0.312139349047482,0.00158929279513098,1.00150085109838
-0.305734535869162,-0.301046214120622,0.00468832174853973,1.00142417622558
-0.372940266475022,-0.37366831286619,-0.000728046391168191,1.00205601719115
-0.347760927460649,-0.341378479519461,0.00638244794118836,1.00184735776693
-0.277246599582224,-0.275273836758153,0.00197276282407161,1.00114917347797
-0.326933805542379,-0.32218532961207,0.00474847593030903,1.00163517021591
-0.330925886800189,-0.329167468090487,0.00175841870970223,1.00166900677635
-0.283722480267798,-0.282260834406571,0.00146164586122649,1.00118782108562
-0.354147923037854,-0.352053346130497,0.00209457690735737,1.00187221619186
-0.331800951139749,-0.330695884549515,0.00110506659023391,1.00167038088801
-0.281469003318829,-0.281125042065225,0.000343961253603919,1.00116647439985
-0.310059901795642,-0.313920382134949,-0.00386048033930697,1.00146584423376
-0.363435596048453,-0.357152807746533,0.00628278830192019,1.00199716800808
-0.346353887286182,-0.344998170219502,0.00135571706667964,1.00180753504317
-0.359928453452497,-0.350045931971476,0.00988252148102109,1.00196021658178
-0.342157617186545,-0.340456271950228,0.00170134523631749,1.00178723147477
-0.294891675627623,-0.297182978251737,-0.00229130262411453,1.00129895236076
-0.310319321895429,-0.311588924495296,-0.00126960259986675,1.00146481762545
-0.409434289238855,-0.410805965632972,-0.00137167639411717,1.00245148792092
-0.300642258735099,-0.295322075685069,0.00532018305002924,1.0013598738749
-0.308101701556602,-0.308965891969891,-0.00086419041328889,1.00141178698829
-0.364873328062537,-0.361193593874249,0.00367973418828776,1.00201364185601
-0.324175979455514,-0.319394297165776,0.00478168228973763,1.0015823976933
-0.4130343629822,-0.414438167960286,-0.00140380497808545,1.00250920056478
-0.323308010013782,-0.31529838735867,0.00800962265511179,1.00159389139894
-0.30252432227473,-0.299626511152185,0.00289781112254522,1.0013885919397
-0.272272670670452,-0.271461650001271,0.000811020669180373,1.00107410098189
-0.387657110024939,-0.383976133821877,0.00368097620306201,1.0022041038304
-0.31966425742625,-0.312487948085362,0.00717630934088859,1.00156164713702
-0.275625680341306,-0.273409739005994,0.00221594133531283,1.00110140589658
-0.313723845271609,-0.314726845474393,-0.00100300020278432,1.00148191348238
-0.338902423214581,-0.336186043947838,0.00271637926674279,1.00176694180796
-0.296839621632232,-0.289670466607878,0.00716915502435383,1.00132673376002
-0.37163314241712,-0.375826848755691,-0.00419370633857091,1.00206826992707
-0.334242939646597,-0.336546117372296,-0.00230317772569927,1.00169267719179
-0.351137180333345,-0.355300069777517,-0.00416288944417181,1.00189159985371
-0.349990465245181,-0.345893582133618,0.00409688311156248,1.00185628868801
-0.379464568958676,-0.376298924300527,0.00316564465814856,1.0021136286431
-0.324027980855858,-0.322887856378756,0.00114012447710227,1.00160550289427
-0.295925091744401,-0.296850522395047,-0.00092543065064643,1.00134171811824
-0.339760660456952,-0.337759702582455,0.00200095787449706,1.00176961687502
-0.320170545700467,-0.316126404343074,0.00404414135739256,1.00155992309013
-0.25957202617767,-0.262807894091369,-0.00323586791369929,1.000932774794
-0.345150117129742,-0.342981460049207,0.00216865708053499,1.00181802647213
-0.347794106590197,-0.343584249258365,0.00420985733183216,1.00182447135834
-0.325813712355629,-0.324794426963162,0.0010192853924671,1.00161060980396
-0.416810004557063,-0.421885089793432,-0.00507508523636835,1.0025167911105
-0.33128864242269,-0.334359041182219,-0.00307039875952941,1.00167186198055
-0.328528180033036,-0.328911521973598,-0.000383341940562665,1.00162179277971
-0.314470504219769,-0.304236011277788,0.0102344929419815,1.00153157917926
-0.357882818855387,-0.354856542420698,0.00302627643468867,1.00192241945448
-0.27475230382533,-0.266967155328936,0.00778514849639389,1.00108978504846
-0.349867559895191,-0.355524046164155,-0.00565648626896381,1.00185528818606
-0.388699711989486,-0.393852531133263,-0.00515281914377641,1.00226091246496
-0.309259205773065,-0.306469616491797,0.00278958928126827,1.00144420385854
-0.327691153536344,-0.323524848101653,0.00416630543469015,1.00162807828445
-0.417140591173856,-0.41447066283342,0.00266992834043539,1.00251061688239
-0.356587419175663,-0.353707948394451,0.00287947078121242,1.00193441942959
-0.348981688569589,-0.346798769261872,0.00218291930771713,1.00181995837471
-0.336191494699074,-0.338152044864412,-0.00196055016533797,1.00171467184321
-0.280859027022306,-0.280511965553024,0.000347061469281429,1.00117952189491
-0.303810403885929,-0.304089131030017,-0.000278727144087498,1.00138474416863
-0.316697027898416,-0.307892831454467,0.00880419644394903,1.00151673095908
-0.32776235281991,-0.327598024209758,0.000164328610152642,1.00162109202344
-0.319558644518846,-0.318928851391209,0.000629793127636724,1.00155415577633
-0.268987807805043,-0.269276906087256,-0.000289098282213684,1.00106553734442
-0.318917522182072,-0.311886688139443,0.00703083404262844,1.00152208853258
-0.317758076416178,-0.308912544974428,0.00884553144174921,1.00156234290348
-0.331284225710012,-0.330364020683812,0.000920205026199605,1.00166661488199
-0.399514691205585,-0.402062505160142,-0.00254781395455644,1.00235073483624
-0.327629853016904,-0.324152480750823,0.00347737226608014,1.00163409285445
-0.327928510935312,-0.32336846729837,0.00456004363694229,1.00161573437285
-0.304215234881405,-0.299680924820892,0.00453431006051302,1.00139013093439
-0.301778352192467,-0.302586271732465,-0.000807919539998037,1.00132687751407
-0.354504298158149,-0.352751962041133,0.00175233611701686,1.00188453047168
-0.456158280735015,-0.462676825099709,-0.00651854436469435,1.00291138447143
-0.417653871916028,-0.417256050659863,0.000397821256165498,1.00255786741953
-0.375397936571339,-0.377360975380734,-0.0019630388093953,1.00213461771331
-0.303652332290219,-0.302021086342362,0.00163124594785752,1.00138746748942
-0.340124457915711,-0.340235613247657,-0.000111155331946167,1.00175533658115
-0.32839830572052,-0.329319801646444,-0.000921495925923888,1.0016364779785
-0.250536390941947,-0.253276041450517,-0.0027396505085695,1.00082967260896
-0.314112596958344,-0.310984466525134,0.00312813043320909,1.00151003401337
-0.330298922556018,-0.326367491121369,0.00393143143464919,1.00166185257213
-0.36473556061442,-0.364542750903183,0.000192809711237363,1.00201505986371
-0.271614668909889,-0.268966024064692,0.00264864484519661,1.00107811534588
-0.321406135602867,-0.325958328275189,-0.00455219267232199,1.00155828127053
-0.33260177782979,-0.331763873068646,0.000837904761143982,1.00169723307084
-0.299300734418938,-0.299026237233719,0.000274497185219158,1.00137380066767
-0.312013954120421,-0.308456234990127,0.0035577191302939,1.00148320841297
-0.350395526221933,-0.353821688929066,-0.0034261627071337,1.00183698382176
-0.329417949452875,-0.325572545369088,0.00384540408378697,1.00166768222291
-0.336010186210905,-0.334183472398249,0.00182671381265609,1.00171630664846
-0.278472125334212,-0.275294965808007,0.00317715952620412,1.00114251810522
-0.333397529357164,-0.332513955173618,0.000883574183545677,1.0016652189259
-0.233642837443761,-0.231072107498188,0.002570729945573,1.00068612154406
-0.321474353136498,-0.321698637752771,-0.000224284616273662,1.00153874489395
-0.32092113895238,-0.319168162228171,0.00175297672420982,1.00155151255946
-0.354810044494379,-0.350665703761711,0.00414434073266801,1.00191981600056
-0.2483409074467,-0.247429343437725,0.000911564008975074,1.00085928468919
-0.376614646359187,-0.375328324145688,0.00128632221349889,1.00212554150729
-0.228910081772291,-0.228853054285905,5.70274863866682e-05,1.00065720154893
-0.28653896324811,-0.286437771879225,0.000101191368885423,1.00123600448145
-0.293167881662289,-0.288217832214742,0.00495004944754757,1.00127741158785
-0.364116438252836,-0.366601739608731,-0.00248530135589459,1.00197127200222
-0.310666599862281,-0.304353941021586,0.00631265884069526,1.00147352802172
-0.363883059171143,-0.361298319191299,0.00258473997984426,1.00199959426365
-0.405021183682025,-0.400009357430471,0.00501182625155328,1.00241097038318
-0.258191202456363,-0.265847790306618,-0.00765658785025536,1.00097600119536
-0.308695309747406,-0.304689975112506,0.0040053346348991,1.00145840145591
-0.318610847678488,-0.311263218659366,0.00734762901912184,1.00157031698558
-0.308980496104082,-0.302764868508841,0.00621562759524119,1.00144817779183
-0.363762420260444,-0.362305094240829,0.0014573260196159,1.00199554605815
-0.286190863103626,-0.28401421872303,0.00217664438059578,1.00122432136785
-0.331010665432525,-0.336843805026872,-0.00583313959434673,1.00166567258884
-0.374319653989597,-0.377758677847646,-0.00343902385804906,1.00208746348628
-0.300498126151815,-0.302801185312836,-0.00230305916102136,1.00136626470581
-0.365555676472728,-0.369398174569342,-0.00384249809661402,1.00201558711352
-0.365597628281157,-0.360798030574231,0.00479959770692623,1.00200110343045
-0.409259186204214,-0.406209354368862,0.00304983183535168,1.00242360212871
-0.329510887463832,-0.328588368659811,0.000922518804020778,1.00162819588707
-0.331346072781103,-0.331188185718919,0.000157887062183559,1.00168436466709
-0.362188097840962,-0.359318616455238,0.00286948138572407,1.00200250968762
-0.318034957903706,-0.313320162016712,0.00471479588699442,1.00153226231502
-0.382135252438649,-0.384534252700855,-0.00239900026220669,1.00215091817045
-0.322085931866905,-0.318198223298689,0.00388770856821591,1.00155795253074
-0.382011443315198,-0.374683607406871,0.00732783590832636,1.00219616976559
-0.33826135291428,-0.333096901596933,0.00516445131734661,1.00176986314201
-0.285049417439393,-0.28341733696892,0.00163208047047358,1.00123537519483
-0.213591198013805,-0.213445921969544,0.000145276044261622,1.0004923234275
-0.301144348088927,-0.298490231017313,0.00265411707161439,1.00138763037059
-0.347040854863161,-0.346172028270806,0.000868826592355043,1.00182167231943
-0.345364971505129,-0.345060186442474,0.000304785062655355,1.00179116927663
-0.357424879152628,-0.359895412540103,-0.00247053338747555,1.00193720215024
-0.360073707554296,-0.356135912750861,0.00393779480343559,1.00196154284717
-0.349667428568255,-0.352606875115016,-0.0029394465467617,1.00186542826373
-0.262459252134291,-0.266819868641813,-0.00436061650752206,1.00097878870701
-0.297672610934809,-0.292643389921964,0.00502922101284536,1.00134841647952
-0.251431386242715,-0.25009977895617,0.00133160728654547,1.00087750301474
-0.313726113999667,-0.312023572172644,0.00170254182702284,1.00152876065612
-0.30524271353952,-0.306796381338083,-0.00155366779856242,1.001382716987
-0.308757447099769,-0.307907061582749,0.000850385517020047,1.0014584470442
-0.34608026169158,-0.345353318328616,0.000726943362963917,1.00181177679111
-0.301478035644029,-0.30065938962396,0.000818646020069203,1.00137463444945
-0.351962321527154,-0.351515865134919,0.000446456392234895,1.0018547898586
-0.257639672221908,-0.259031612556918,-0.00139194033501022,1.0009457116029
-0.300714410903258,-0.30471870735416,-0.00400429645090272,1.00136503336519
-0.34182930314677,-0.333693886579575,0.0081354165671948,1.00176794346441
-0.337871938471636,-0.337793969740434,7.79687312016386e-05,1.00170306610675
-0.317049148948738,-0.317741391287804,-0.000692242339066285,1.00151557970088
-0.329502115455682,-0.329099755328109,0.000402360127572499,1.00165902886844
-0.358053007805444,-0.35813441309394,-8.14052884959837e-05,1.00195094270658
-0.320112930007689,-0.318705369651174,0.00140756035651535,1.00156104129026
-0.266247270100943,-0.265612389565687,0.000634880535255122,1.00101095265146
-0.356146811621587,-0.35603837368243,0.000108437939156714,1.00190927167762
-0.254375696140762,-0.258645585832072,-0.00426988969130948,1.00091102392767
-0.347838697316843,-0.343361380572666,0.00447731674417756,1.00183116566477
-0.310180595083415,-0.30592862015907,0.0042519749243447,1.00147544183582
-0.343771077121411,-0.341334002708287,0.00243707441312424,1.00179217874289
-0.330219418260567,-0.323728913874777,0.00649050438579069,1.00168067718315
-0.299602202906042,-0.305531069058876,-0.00592886615283456,1.00136452816573
-0.3395184370474,-0.341106116481134,-0.00158767943373378,1.00174174511156
-0.226945243330805,-0.22624215581455,0.000703087516254919,1.00064166481189
-0.363676568760135,-0.364612040226876,-0.000935471466740612,1.00198076342391
-0.311401152833059,-0.307459939677782,0.00394121315527712,1.00144919577224
-0.340885632465861,-0.344054041679465,-0.00316840921360434,1.00175015350533
-0.314725169152436,-0.318475599579089,-0.00375043042665302,1.00150910601827
-0.294251043123113,-0.298276356507236,-0.00402531338412232,1.00130302228721
-0.327375829881863,-0.32408491939408,0.00329091048778274,1.00164196132947
-0.264715615081363,-0.268604210055606,-0.0038885949742431,1.00100707336092
-0.277014280429039,-0.274073693842992,0.00294058658604718,1.00110089420513
-0.268627662788497,-0.273375535942848,-0.00474787315435116,1.00102338577881
-0.470830659122396,-0.468184319655263,0.00264633946713394,1.00304665104694
-0.334261503701231,-0.337228883908494,-0.00296738020726239,1.00169989811428
-0.354711890568556,-0.353307152822915,0.00140473774564054,1.00190439565928
-0.308287007855524,-0.302499060811428,0.00578794704409685,1.00146691083148
-0.316276404137141,-0.311705480249197,0.00457092388794444,1.00153460618694
-0.352322850888526,-0.349431895290112,0.00289095559841396,1.00185776674862
-0.315830425212122,-0.316073410323397,-0.000242985111274685,1.00151944180639
-0.326684696571418,-0.321609361341357,0.00507533523006087,1.00159687260686
-0.402584329925894,-0.403597887053401,-0.00101355712750684,1.00237306801603
-0.301482255122349,-0.304832236957395,-0.00334998183504609,1.00131490295582
-0.403774766841595,-0.396670232186833,0.00710453465476196,1.00240057440127
-0.276927658579739,-0.281274796581031,-0.00434713800129188,1.00114404306251
-0.375258157554339,-0.36973068691096,0.00552747064337844,1.00210751093247
-0.288147041847681,-0.28915548543964,-0.00100844359195829,1.00124124084663
-0.33163550156642,-0.329049682326875,0.00258581923954587,1.00168902283629
-0.317356665794717,-0.309510144911059,0.00784652088365845,1.00154315595603
-0.342264976634189,-0.349058920841881,-0.00679394420769192,1.00175272803327
-0.324236614059832,-0.323735009716501,0.000501604343331519,1.00157596906678
-0.300889169301605,-0.300349891149698,0.00053927815190663,1.00138428413898
-0.359899162541619,-0.358805469747227,0.00109369279439175,1.00194844007656
-0.336163127636517,-0.336472335781231,-0.000309208144713746,1.00172770047624
-0.338552936213759,-0.337550297777411,0.00100263843634801,1.00177009104063
-0.254643831290203,-0.252556188854265,0.00208764243593784,1.00089494488409
-0.344818104919951,-0.341908682786603,0.00290942213334727,1.0018055468299
-0.343561110570202,-0.335132068697557,0.0084290418726452,1.00179958550472
-0.321947029539266,-0.317464583482089,0.0044824460571764,1.00158684814829
-0.324753416956327,-0.329850169238998,-0.00509675228267115,1.00163609133016
-0.266674506293267,-0.264099178682852,0.00257532761041551,1.00099559161223
-0.34405677560312,-0.337878389740531,0.00617838586258879,1.00179671924228
-0.388033443895688,-0.387435522182777,0.000597921712910177,1.00221239282222
-0.274098505478291,-0.277054510964974,-0.00295600548668373,1.00112923882593
-0.293317248284303,-0.290810651238034,0.00250659704626915,1.00128605506513
-0.333859729613337,-0.33990178116748,-0.00604205155414272,1.00167407981697
-0.277866994490928,-0.278623568395714,-0.000756573904786451,1.00113578988592
-0.26939430617028,-0.266115386066954,0.00327892010332587,1.0010696439197
-0.393474333878831,-0.388117675022425,0.00535665885640529,1.00227023855834
-0.347141487420888,-0.340870446014861,0.00627104140602674,1.00179709769987
-0.326956539548863,-0.329400251647904,-0.00244371209904071,1.00159000059359
-0.369117689848695,-0.365679361438101,0.00343832841059377,1.00202715470826
-0.36013247186232,-0.361648925940489,-0.00151645407816958,1.00195383520453
-0.333997441165432,-0.3335589217951,0.000438519370331514,1.00168238374153
-0.414528869979738,-0.410488947942737,0.00403992203700027,1.00247584349872
-0.333527556696397,-0.335045202865776,-0.00151764616937838,1.00168566660296
-0.398835887240188,-0.396317342327642,0.00251854491254599,1.00233836134671
-0.399169363449785,-0.401300196477424,-0.00213083302763895,1.00236573089402
-0.333641829950869,-0.332783644755427,0.000858185195441341,1.00172168039686
-0.354750987983304,-0.353319331672281,0.00143165631102288,1.00193497034645
-0.286048705343684,-0.285142078081231,0.000906627262452886,1.001199680831
-0.31900352650656,-0.319236383563339,-0.000232857056779223,1.00158769031429
-0.383375634567593,-0.376159176208548,0.00721645835904494,1.00216085987574
-0.36710474949374,-0.36298150575316,0.00412324374057998,1.00201716052782
-0.335013557456225,-0.333527013787552,0.0014865436686734,1.0017224081502
-0.351603121128774,-0.349094241232578,0.00250887989619542,1.0018425896408
-0.374731287756117,-0.368592559223086,0.00613872853303127,1.00210112436369
-0.395912395058173,-0.395955249684977,-4.28546268035901e-05,1.00229328297031
-0.341779307101897,-0.340780942885177,0.000998364216719894,1.00175479729588
-0.29372503675793,-0.293165013038273,0.000560023719657743,1.00130101334635
-0.378558416623091,-0.367973764064382,0.0105846525587088,1.00213908080585
-0.392150270845177,-0.389443149869069,0.00270712097610765,1.00225343579735
-0.380289822555983,-0.382060642064164,-0.00177081950818103,1.00213863398297
-0.345292465720961,-0.345640614145068,-0.00034814842410702,1.00182182445402
-0.375169909681867,-0.380440325295539,-0.0052704156136717,1.00211498975052
-0.38515786979713,-0.384563348692496,0.00059452110463426,1.00222547880437
-0.368458941273719,-0.361282110143236,0.0071768311304829,1.00204526623663
-0.437666923822018,-0.436052968090251,0.00161395573176687,1.00272748663465
-0.303552580555315,-0.307833977918917,-0.00428139736360206,1.00138215165467
-0.328626149746167,-0.326559231300903,0.00206691844526319,1.0016310791882
-0.359141277943603,-0.358257447740673,0.000883830202929758,1.0019297217378
-0.287771690917373,-0.286817798409668,0.000953892507705223,1.00126311574255
-0.339774406939694,-0.339348505663681,0.000425901276012441,1.00175932447091
-0.412298835931143,-0.41264533659936,-0.000346500668217953,1.0024560477168
-0.311258133618424,-0.312599309998183,-0.00134117637975933,1.00145255905806
-0.301119078949743,-0.297431446002777,0.0036876329469655,1.00135820024187
-0.320600067014276,-0.321860050861709,-0.00125998384743325,1.00153560294153
-0.331717279028497,-0.330199796916424,0.00151748211207242,1.00168166362414
-0.270165589871514,-0.263399505525253,0.00676608434626108,1.00105354638329
-0.417746327662052,-0.422071897446131,-0.00432556978407911,1.00253725659652
-0.364186292964239,-0.364219129169048,-3.28362048085951e-05,1.00199554037381
-0.257078078623269,-0.260633839291832,-0.00355576066856345,1.00093829471294
-0.3004629706899,-0.301642062957895,-0.00117909226799529,1.00134436696447
-0.265796544424498,-0.269182122395953,-0.00338557797145494,1.00101801211161
-0.376824171168304,-0.370069190855551,0.00675498031275268,1.00211869211645
-0.341452173393806,-0.343021330814353,-0.00156915742054775,1.00177165067552
-0.327205405008162,-0.327026234545674,0.00017917046248761,1.00161902012426
-0.308730594396923,-0.305371462055636,0.00335913234128704,1.00145351992604
-0.360166945696973,-0.349858932313043,0.0103080133839297,1.00194974138325
-0.362073986293116,-0.359377348151302,0.00269663814181365,1.00196270602242
-0.245780141450683,-0.248046572485626,-0.0022664310349432,1.00080409762232
-0.35498544033113,-0.347183552715015,0.00780188761611561,1.00192698877941
-0.401059336824981,-0.401064195929466,-4.85910448527749e-06,1.00236379404439
-0.294613708616366,-0.291790805896675,0.00282290271969127,1.00127619880393
-0.361905144000538,-0.360979086498119,0.000926057502418809,1.00198412869152
-0.283052467178192,-0.27865480529952,0.00439766187867213,1.00117023630931
-0.431532165848801,-0.431351492500341,0.000180673348459781,1.00267434813606
-0.296245524834022,-0.298258105915958,-0.00201258108193586,1.00131385680247
-0.332172653295298,-0.329637851769235,0.00253480152606272,1.00167257421893
-0.284551843888123,-0.287786075007194,-0.00323423111907073,1.00122678370804
-0.349047425295464,-0.344815201601123,0.00423222369434123,1.00184233647784
-0.352127839873398,-0.344915165217345,0.00721267465605246,1.0018696193003
-0.379858679230312,-0.374471131077077,0.00538754815323522,1.00212911995423
-0.322883640897026,-0.32338413001896,-0.000500489121933234,1.00155018043713
-0.287217752325021,-0.29503000172375,-0.00781224939872965,1.00120665906364
-0.315204851638107,-0.314889217901225,0.000315633736881982,1.0015121208687
-0.402178827690876,-0.397496862265824,0.00468196542505267,1.00234770116135
-0.410001264496781,-0.409880469840115,0.000120794656666146,1.00245523492562
-0.30474708412837,-0.303396966499348,0.00135011762902149,1.00141017294292
-0.264422498320015,-0.262660386561336,0.00176211175867891,1.00099871927773
-0.317843606133297,-0.314716155977662,0.00312745015563515,1.00155083626946
-0.311185861034916,-0.305641133505424,0.00554472752949237,1.00148461424139
-0.322277185189805,-0.320293283597265,0.00198390159254003,1.00155931996211
-0.355059744352031,-0.35756321788527,-0.00250347353323882,1.00189570839234
-0.350729453939724,-0.346140777613418,0.00458867632630572,1.00185217223341
-0.26523127062614,-0.254264566013613,0.0109667046125272,1.00099692649379
-0.290472266781132,-0.292242090760983,-0.0017698239798507,1.00126395367707
-0.325708370265207,-0.321548368957954,0.00416000130725253,1.00160367250606
-0.282282391855397,-0.274949471512342,0.00733292034305533,1.00118371076867
-0.271115097262081,-0.276149052784492,-0.00503395552241154,1.00108063164714
-0.279421654433869,-0.277994552235959,0.00142710219790976,1.00113305717185
-0.367880106276456,-0.360618486059634,0.00726162021682164,1.00204014227443
-0.380107297034199,-0.380069613645475,3.76833887236749e-05,1.0021444254991
-0.325239931073707,-0.329683528352697,-0.00444359727899019,1.00158709671711
-0.311407894647101,-0.308177430059855,0.0032304645872458,1.00150071399132
-0.284601286233087,-0.283206880527116,0.0013944057059706,1.00118667349437
-0.283414392950914,-0.276612625615149,0.00680176733576532,1.00118021289744
-0.281472307385299,-0.286584947925547,-0.00511264054024735,1.0011398058592
-0.293049492663984,-0.29508287036659,-0.00203337770260587,1.00130762636502
-0.231805902126674,-0.227288675810201,0.00451722631647308,1.00071436497782
-0.393675433249572,-0.400453596244047,-0.0067781629944747,1.00229989719891
-0.376371726759901,-0.369654408889919,0.0067173178699822,1.00213125465208
-0.269543345588332,-0.269422582990076,0.000120762598255497,1.00105827884782
-0.353011188126491,-0.355871849608374,-0.00286066148188285,1.00187884849259
-0.430421769996071,-0.429225152132374,0.00119661786369613,1.00262662235633
-0.256726101062164,-0.251392475487578,0.005333625574586,1.00094192517343
-0.331238172642232,-0.326993611216837,0.00424456142539564,1.00167433270055
-0.417165656334144,-0.413051858373138,0.00411379796100642,1.00251547422942
-0.34985444017205,-0.342378648714571,0.00747579145747895,1.00184852352681
-0.269529962467286,-0.26603920309189,0.00349075937539534,1.00104743938137
-0.318894638882828,-0.322930845379414,-0.00403620649658559,1.00157097401093
-0.394899136278143,-0.393249528274026,0.00164960800411673,1.00226963419668
-0.322027742570851,-0.327364057773103,-0.00533631520225225,1.00157028556881
-0.383486145723348,-0.374479917758988,0.00900622796436018,1.00219065022745
-0.422668019184079,-0.427096643733734,-0.00442862454965437,1.00256685721097
-0.297789746836343,-0.293676165808841,0.00411358102750231,1.00132358922018
-0.296350964888251,-0.298299634133798,-0.00194866924554726,1.00131298071533
-0.313394868969626,-0.316900590817654,-0.00350572184802894,1.00148323970477
-0.250553494559174,-0.24991457228327,0.000638922275903953,1.00084784784703
-0.351187331493243,-0.353619595896301,-0.00243226440305855,1.00188412269584
-0.317084604522494,-0.313231799391087,0.00385280513140662,1.0015162786566
-0.307961976809957,-0.311079476009953,-0.00311749919999571,1.00142872142074
-0.22611595455385,-0.225902049953912,0.000213904599938641,1.00062056821771
-0.25688089074471,-0.25972668864463,-0.00284579789992057,1.0009119653825
-0.244948478041703,-0.242533376193373,0.00241510184832971,1.00084344659133
-0.370502128037279,-0.370276007110975,0.000226120926304696,1.00206877871579
-0.259555364593619,-0.261379101653816,-0.00182373706019651,1.00094798848822
-0.34116660166903,-0.342432108844119,-0.001265507175089,1.00175163889798
-0.26243140192598,-0.260533946088237,0.00189745583774303,1.00099800417708
-0.261457275679266,-0.248078748604463,0.0133785270748034,1.00094843774184
-0.263768194018464,-0.261064247363132,0.00270394665533119,1.00102002891684
-0.39256086243294,-0.390740470481032,0.00182039195190825,1.00229424294094