Ei,Ef,deltaE,weight
-0.375971796221645,-0.378052409694207,-0.00208061347256233,1.0023802835061
-0.374637611310187,-0.373798120884708,0.000839490425478984,1.00234400002538
-0.255887050863812,-0.251849855598687,0.00403719526512547,1.00113819894604
-0.188737679364986,-0.188374619176754,0.000363060188231901,1.0004701075641
-0.257228663796017,-0.240808908504316,0.0164197552917007,1.00114908859438
-0.280441079496768,-0.278825503185824,0.00161557631094444,1.00138010624745
-0.297658106548285,-0.292114568302354,0.00554353824593101,1.00159539571788
-0.207031686992373,-0.205531310079993,0.0015003769123792,1.000708587458
-0.156570284214648,-0.152088872848015,0.0044814113666328,1.00014792921959
-0.319617510033238,-0.318690466124809,0.000927043908428848,1.00170936986617
-0.344180882699957,-0.348549650506895,-0.00436876780693846,1.00207048167371
-0.103132491877182,-0.107833294430552,-0.00470080255336941,0.999643263327464
-0.238566184766418,-0.236369705354682,0.00219647941173642,1.00099942571507
-0.274186351491969,-0.275458455184699,-0.00127210369273001,1.00134127842903
-0.337760592147251,-0.337320689652769,0.000439902494482169,1.00190954811205
-0.286020912089251,-0.286556016705609,-0.000535104616357474,1.00142257823812
-0.281590296129671,-0.280912308392403,0.000677987737268071,1.0014639629414
-0.237623921808471,-0.240360015847732,-0.00273609403926145,1.00099534289387
-0.303315871818123,-0.310714350555967,-0.00739847873784344,1.00159522026991
-0.290760377881356,-0.289891135047524,0.000869242833831274,1.00149349037624
-0.250581827130233,-0.253920539271136,-0.00333871214090359,1.00109184495607
-0.360480963873405,-0.361802745735737,-0.00132178186233223,1.00221002776311
-0.350331308053106,-0.342598427119687,0.0077328809334189,1.00208432428749
-0.248946643388369,-0.232406736009443,0.0165399073789264,1.00106902769027
-0.339569914143729,-0.330149606542291,0.00942030760143803,1.00202420994088
-0.37932736015269,-0.364974140194572,0.0143532199581178,1.00235425831091
-0.257258408960327,-0.245013874920864,0.0122445340394633,1.00118701892775
-0.222127819101805,-0.228745342054782,-0.00661752295297666,1.00078741145438
-0.189535909640359,-0.189892952761877,-0.00035704312151813,1.00047876355371
-0.236600899985393,-0.242327034830424,-0.00572613484503129,1.00092959364208
-0.32966558661997,-0.31906717495902,0.0105984116609501,1.00184472719932
-0.371789609769984,-0.363764330562661,0.00802527920732232,1.00233032912088
-0.472509118358892,-0.469815748520205,0.00269336983868707,1.00327148023405
-0.377737257654155,-0.375710846485173,0.00202641116898244,1.00236702529114
-0.303406065690486,-0.292495095756249,0.0109109699342364,1.00163445872
-0.225400195433056,-0.228683597541327,-0.0032834021082703,1.00086324146741
-0.270179718195789,-0.269918977465072,0.000260740730716191,1.00123858687225
-0.204964564071782,-0.208737096142504,-0.00377253207072253,1.0006429111356
-0.399493254201751,-0.39462996379806,0.00486329040369093,1.00258888109218
-0.334403376817755,-0.324971819796676,0.00943155702107873,1.00196399109536
-0.116477479994059,-0.110907842884786,0.00556963710927318,0.999743957026369
-0.297137311415431,-0.299915406106436,-0.00277809469100554,1.00156547141529
-0.421058649422686,-0.426091351839611,-0.00503270241692544,1.00281874478579
-0.382705584943266,-0.384120803168862,-0.00141521822559593,1.00239418041102
-0.29315492889101,-0.297198839629908,-0.00404391073889787,1.00153932151154
-0.321534580596986,-0.326882142540693,-0.00534756194370722,1.00181596194005
-0.362818990242837,-0.366671682102663,-0.00385269185982617,1.00225110771177
-0.289663916278011,-0.287137534100585,0.00252638217742551,1.00148222576346
-0.242516966719738,-0.239080503063988,0.00343646365575018,1.0009926686756
-0.274715668035952,-0.275520495796983,-0.000804827761031135,1.00133352817318
-0.262123671142692,-0.255784364385922,0.00633930675676986,1.00123749760531
-0.478178079787022,-0.484729340715733,-0.00655126092871111,1.00344170638294
-0.290014699024864,-0.297225079270578,-0.00721038024571358,1.00149008711507
-0.170984568517063,-0.169037055960122,0.00194751255694045,1.00031310004776
-0.340695470522035,-0.328160201779957,0.0125352687420777,1.00194513519517
-0.390344906711194,-0.395497463441768,-0.00515255673057374,1.00249412318801
-0.176837396319318,-0.174444199853559,0.0023931964657587,1.00040208633521
-0.338600829571448,-0.334300068540173,0.00430076103127475,1.00195195952693
-0.346902919592415,-0.359094769090584,-0.0121918494981683,1.00207578771031
-0.356814344396361,-0.34759069464582,0.00922364975054168,1.00214718634733
-0.21630715791773,-0.210684165872821,0.00562299204490929,1.00077676879961
-0.224259675774385,-0.218169175195935,0.00609050057844973,1.00087136804823
-0.327628764120294,-0.323442481061805,0.00418628305848939,1.00188268997648
-0.242882756555439,-0.239544143812977,0.00333861274246144,1.0010411839392
-0.153240257096006,-0.156817109131284,-0.00357685203527763,1.00009713683211
-0.186608245478559,-0.187561231728878,-0.000952986250318921,1.00043759532947
-0.176757052783759,-0.192188909798488,-0.0154318570147291,1.00038505607229
-0.360268936773296,-0.367808411531271,-0.0075394747579744,1.0021918984385
-0.243040808927918,-0.24181640752058,0.0012244014073389,1.00103607923471
-0.308053146707584,-0.308640198380875,-0.000587051673290984,1.00169433475969
-0.355592866435071,-0.357300949669637,-0.00170808323456517,1.00208070879611
-0.329487076011998,-0.325828572089373,0.00365850392262473,1.00188966795701
-0.294140306854853,-0.295809019081448,-0.0016687122265952,1.00153921116594
-0.359383909556122,-0.368669113636373,-0.00928520408025069,1.00217067027847
-0.306948406132504,-0.308031818538569,-0.00108341240606452,1.00168692062314
-0.252133813316431,-0.254638804172633,-0.00250499085620171,1.00107555176514
-0.334029551192578,-0.334434677774724,-0.000405126582146531,1.00199667533511
-0.286805906017409,-0.285332863534392,0.00147304248301694,1.00143932171309
-0.320728175043348,-0.315283542931996,0.00544463211135221,1.00180155616695
-0.30909124401856,-0.303953026368699,0.005138217649861,1.00169103583259
-0.424186143974905,-0.428262540844948,-0.0040763968700433,1.00278000418209
-0.269414215555397,-0.261999606154625,0.00741460940077121,1.00128488644185
-0.317609169991525,-0.306247945674851,0.0113612243166735,1.00177337517033
-0.295369642804054,-0.286298085566848,0.00907155723720593,1.00156280352391
-0.393909019557528,-0.398403813813776,-0.00449479425624744,1.00251970873738
-0.140239676314781,-0.133794435570466,0.0064452407443141,0.999955330762072
-0.221883640892472,-0.221223089533194,0.000660551359278561,1.00079956507143
-0.261112980626539,-0.257682232152368,0.00343074847417069,1.00120353891836
-0.268821983230555,-0.278391988159387,-0.00957000492883203,1.00124763743457
-0.269761771724911,-0.262531176130427,0.00723059559448413,1.00131915115576
-0.361104589916275,-0.349401223653353,0.0117033662629225,1.00218696895826
-0.243938889090148,-0.235332294285457,0.00860659480469092,1.00105266174791
-0.194515424138018,-0.195638408828947,-0.00112298469092897,1.00053931304062
-0.325016296173189,-0.336091378215995,-0.0110750820428063,1.00183011576157
-0.197686187331901,-0.203850265689283,-0.00616407835738131,1.0005768773755
-0.368150503648843,-0.357736667718586,0.0104138359302576,1.002283170174
-0.305110296114833,-0.285309602752586,0.0198006933622475,1.00167422559258
-0.407230411294516,-0.408365034182846,-0.00113462288833033,1.00259315401143
-0.273768548303046,-0.276628138326358,-0.0028595900233126,1.00133134498709
-0.17733753084355,-0.186328431805548,-0.00899090096199806,1.00028538704275
-0.25477533975846,-0.251934780492085,0.002840559266375,1.00114103438841
-0.285001895556797,-0.296605722933038,-0.0116038273762414,1.00144359639003
-0.213152204713632,-0.220318067339066,-0.00716586262543495,1.00069107482151
-0.33864212866854,-0.337151965445996,0.00149016322254381,1.00194492881314
-0.272991366253241,-0.268056345979527,0.00493502027371417,1.00133638725131
-0.281373092060558,-0.269996751258444,0.0113763408021136,1.00144093756305
-0.204231254895902,-0.199272500047848,0.00495875484805464,1.00059675706204
-0.248773337902208,-0.256425884008213,-0.0076525461060058,1.00102337439708
-0.274408811714919,-0.282549785880317,-0.008140974165398,1.00138338096894
-0.372016420181377,-0.365637553269112,0.00637886691226491,1.00234233479615
-0.252565655984175,-0.252976255611781,-0.000410599627606423,1.00110564669304
-0.269211677487655,-0.267624261689103,0.00158741579855176,1.00132596855788
-0.230167990639956,-0.217222768985537,0.0129452216544189,1.00088087619825
-0.235381499048604,-0.231580019316225,0.00380147973237824,1.0009486048261
-0.266417581483345,-0.26502782796696,0.00138975351638465,1.00123671950751
-0.189843943566221,-0.183824462483122,0.00601948108309827,1.00052468200813
-0.133577124778261,-0.136396824139872,-0.00281969936161111,0.999982542309922
-0.284090122213505,-0.272228471208957,0.011861651004548,1.00139234981752
-0.254468244492967,-0.249953546112569,0.00451469838039814,1.00111608197629
-0.346793239068636,-0.347756160760037,-0.00096292169140122,1.00204641802545
-0.328250758575749,-0.335618377388259,-0.00736761881251036,1.00187107965867
-0.319896710367849,-0.303642321769431,0.0162543885984174,1.001762595058
-0.22656177844512,-0.219413536685099,0.00714824176002149,1.00088103514266
-0.332311175890702,-0.325939445611749,0.00637173027895338,1.00188258916581
-0.246101689356382,-0.234768610086509,0.0113330792698734,1.00108868481792
-0.216032030701759,-0.206783368359689,0.00924866234206986,1.00075088476687
-0.189469509976343,-0.18775985983293,0.00170965014341226,1.00048577020775
-0.325590485444753,-0.332970296187556,-0.00737981074280319,1.00184895397232
-0.213632084281889,-0.223154976431797,-0.00952289214990795,1.00074845160949
-0.343452558336022,-0.348593104510531,-0.00514054617450921,1.00204556340716
-0.38853297265016,-0.399128629474369,-0.0105956568242089,1.00245674072776
-0.388057192080793,-0.39769574119157,-0.00963854911077638,1.0024773598905
-0.256705809615737,-0.251936642774145,0.00476916684159134,1.0011891864871
-0.336788468415261,-0.332902685378103,0.00388578303715897,1.00193533277987
-0.259212179464632,-0.244422544031587,0.0147896354330452,1.00117671879751
-0.412345304790246,-0.411252967678506,0.00109233711174078,1.00273541183097
-0.195148479680925,-0.195616851130498,-0.000468371449573485,1.00052559695766
-0.201321473071022,-0.208843031045089,-0.00752155797406712,1.00059082509244
-0.229524476335422,-0.234141782864195,-0.00461730652877243,1.00081753793852
-0.209840351642234,-0.212921170087769,-0.0030808184455354,1.00069025588599
-0.277768762724645,-0.277694887560294,7.38751643514224e-05,1.00133886142093
-0.33564843666402,-0.331441788808466,0.00420664785555414,1.00196274927799
-0.202717403119081,-0.210136219139747,-0.00741881602066596,1.0005782088885
-0.371310108433999,-0.363265592318448,0.00804451611555046,1.00228684055703
-0.270356945980344,-0.262750157346475,0.00760678863386938,1.00127972827037
-0.196439892468063,-0.198199602687607,-0.00175971021954335,1.0005649283603
-0.277733481805974,-0.273124222232653,0.00460925957332098,1.0013381173983
-0.361171167888358,-0.347982587798722,0.0131885800896359,1.00214127945445
-0.327134957770893,-0.320225546488547,0.00690941128234573,1.00181575557976
-0.31993419502467,-0.313272486588846,0.00666170843582348,1.00179802907955
-0.23846583843244,-0.233869052423058,0.00459678600938243,1.00094879732473
-0.195496761223492,-0.187861853056792,0.00763490816670029,1.00058584346122
-0.271268250282391,-0.262904086278912,0.00836416400347884,1.00128382432901
-0.286963298619492,-0.282947838485298,0.00401546013419363,1.00145689382877
-0.180229957273781,-0.171377914201122,0.00885204307265908,1.00038664995585
-0.265472552085619,-0.261841851432559,0.00363070065306015,1.00122640987638
-0.234663967062224,-0.243574657984682,-0.00891069092245772,1.00091611281675
-0.264370550632998,-0.267799885204735,-0.00342933457173739,1.00121562111292
-0.141143978674572,-0.144210367137948,-0.00306638846337637,1.00005486394936
-0.219609353315414,-0.225961173767719,-0.0063518204523054,1.00078334021338
-0.328952868095736,-0.332991525490686,-0.00403865739495007,1.00192777323705
-0.172004137146583,-0.175343788596567,-0.00333965144998408,1.00030974309506
-0.385574616577831,-0.378591931873839,0.00698268470399127,1.00243388794087
-0.375431935232049,-0.362853671520873,0.0125782637111766,1.00231431188869
-0.377786936654529,-0.381492864816371,-0.00370592816184234,1.0023920182277
-0.241797606079839,-0.24620071989089,-0.00440311381105069,1.00100607856048
-0.287597011136745,-0.294933185196515,-0.00733617405977011,1.00139106074937
-0.235735820209276,-0.244448455345751,-0.00871263513647472,1.00094481511626
-0.267297859308459,-0.283587786259801,-0.0162899269513426,1.00124644617538
-0.344988329939153,-0.355425931771106,-0.0104376018319537,1.00201989382032
-0.239939024943403,-0.251714294051078,-0.0117752691076754,1.0010083338795
-0.362000495177085,-0.359598869520698,0.00240162565638702,1.00221955059239
-0.356996314078042,-0.362152239683159,-0.00515592560511691,1.00215324989531
-0.250351871882566,-0.261079120834627,-0.0107272489520603,1.00111459159494
-0.292585648151476,-0.288516252592486,0.00406939555899016,1.00145935180834
-0.40478166239033,-0.404361088979726,0.000420573410603586,1.00259180692952
-0.257570758865736,-0.268218907026072,-0.0106481481603363,1.00112335714043
-0.333548725589996,-0.330346536370031,0.00320218921996546,1.00185749304678
-0.22475079451193,-0.249837961119456,-0.0250871666075256,1.00086087986907
-0.236642283951112,-0.245176160386532,-0.00853387643541995,1.0009823248924
-0.328757149894887,-0.320220163471816,0.00853698642307094,1.00189849767911
-0.199192561569727,-0.195539531002729,0.0036530305669977,1.00060268634795
-0.285262305709613,-0.28095892072951,0.00430338498010224,1.00139669444214
-0.285659558311791,-0.297218814424186,-0.0115592561123959,1.00148108826685
-0.310356575305798,-0.304549964625349,0.00580661068044946,1.00167761411548
-0.21065673869186,-0.199572157183437,0.0110845815084233,1.00072366132291
-0.219385101585978,-0.213166225203679,0.00621887638229923,1.00067696527136
-0.315024748948852,-0.321650328736628,-0.00662557978777606,1.00174968376903
-0.262294659475737,-0.258043873521395,0.00425078595434197,1.00118901676126
-0.260499191722993,-0.252691599756836,0.00780759196615644,1.001214687471
-0.378682949350385,-0.37796339330798,0.000719556042404479,1.00245627586332
-0.15413643009971,-0.164251393433817,-0.0101149633341069,1.00011479066441
-0.525134040025661,-0.522320165148405,0.00281387487725593,1.00387933993661
-0.308008458122707,-0.304459332947096,0.00354912517561085,1.0016424220985
-0.18199650325918,-0.187233858832837,-0.00523735557365634,1.00042884471294
-0.216594829880147,-0.217388120781131,-0.00079329090098354,1.00075933658758
-0.360700091076167,-0.364350926428407,-0.00365083535224014,1.00219307165224
-0.274970333905013,-0.271949696340668,0.00302063756434418,1.00136913862472
-0.30498976740692,-0.300594977036492,0.00439479037042811,1.00164405674888
-0.271328160118334,-0.257409053209257,0.0139191069090768,1.00127115030988
-0.14294632402344,-0.150009097217546,-0.00706277319410559,1.00004721635458
-0.345935725707401,-0.339469527375324,0.00646619833207673,1.00207616503073
-0.348696055065151,-0.348447000575938,0.000249054489212697,1.00206350045152
-0.341940758820959,-0.34346323840808,-0.00152247958712115,1.00200115854809
-0.322415841924148,-0.323509703607363,-0.00109386168321529,1.00179359905348
-0.271954333863803,-0.273831063140378,-0.00187672927657501,1.00127708019762
-0.416548013609334,-0.423889497376079,-0.00734148376674487,1.00269662286274
-0.297228394057474,-0.30613349229594,-0.00890509823846541,1.0015685706748
-0.263762615011887,-0.252633267044539,0.0111293479673481,1.00120792481776
-0.231505452944456,-0.233916388792677,-0.00241093584822061,1.00087916219101
-0.189970443561473,-0.185856451956165,0.00411399160530784,1.00049508472804
-0.132846557507465,-0.130578263692742,0.00226829381472321,0.999840936346099
-0.339272728770716,-0.32937845801229,0.00989427075842569,1.00197887932541
-0.2990071620152,-0.312392324674204,-0.0133851626590036,1.00157736358402
-0.238840255051404,-0.237085248285499,0.00175500676590465,1.00100608495025
-0.34826868105823,-0.35055112998841,-0.00228244893018054,1.00204658335849
-0.315935104280839,-0.303289387279463,0.0126457170013758,1.0017406448029
-0.32281630416422,-0.326783254440994,-0.00396695027677468,1.00181733222278
-0.30575686026711,-0.297955794304307,0.00780106596280339,1.00164069284719
-0.294578395185115,-0.281062732947892,0.0135156622372232,1.00151228404791
-0.254499174959913,-0.250331082771685,0.00416809218822783,1.00109845793029
-0.234857567577072,-0.233653682379455,0.00120388519761619,1.00091570896275
-0.321561171929185,-0.326912913518127,-0.0053517415889423,1.00180984359898
-0.293618341484883,-0.293597452910996,2.08885738867126e-05,1.00152251889506
-0.34604990642057,-0.357297303854501,-0.0112473974339303,1.00207934673659
-0.421536086423441,-0.408393991923447,0.0131420944999939,1.00280098172747
-0.218430359105679,-0.215855924100665,0.00257443500501423,1.00076207752184
-0.208610755628049,-0.208343055994751,0.000267699633297647,1.00067590931078
-0.202967437336563,-0.208224227958711,-0.00525679062214796,1.00063329591343
-0.153344835132546,-0.149139270420484,0.00420556471206204,1.00010194037445
-0.306759997919316,-0.313226617215351,-0.0064666192960352,1.00162586514865
-0.235563016167499,-0.21876340251932,0.0167996136481791,1.0010192129861
-0.211206342479722,-0.21063461139938,0.000571731080341975,1.00072965286353
-0.14053874669657,-0.131569666788164,0.0089690799084062,1.0000310483199
-0.343105732962078,-0.355186617890517,-0.0120808849284382,1.00204487611926
-0.360378940256014,-0.351715519408402,0.00866342084761212,1.00220876831277
-0.266251527731481,-0.26756503677039,-0.00131350903890909,1.00128104617707
-0.258894043495257,-0.248906045277297,0.0099879982179599,1.00112541955561
-0.407751744584819,-0.400126204909524,0.00762553967529506,1.00264347657559
-0.213291651803949,-0.215136997274208,-0.00184534547025819,1.00069325517247
-0.0430923745278683,-0.0437491967944173,-0.000656822266548958,0.99900326984082
-0.156220493241784,-0.140351866624619,0.0158686266171644,1.00016985817417
-0.157603622097132,-0.153739119061854,0.00386450303527835,1.00012618244112
-0.147900950181587,-0.144839385098529,0.00306156508305805,1.00003667863194
-0.392902252445045,-0.390822593977133,0.00207965846791225,1.00249187860431
-0.404556552474894,-0.412359609071561,-0.00780305659666625,1.00265949669743
-0.200470864816403,-0.196754633926913,0.00371623088949005,1.00057437224062
-0.357790131725869,-0.349545898223489,0.00824423350237996,1.00215079309099
-0.237706433643248,-0.244418548593383,-0.00671211495013421,1.00098596074023
-0.352434038685267,-0.353686237033077,-0.00125219834780993,1.00214336340553
-0.188064954661206,-0.189244143415252,-0.00117918875404613,1.00053580189138
-0.256653260347762,-0.253349157409713,0.00330410293804839,1.00119745306006
-0.247219869797628,-0.245187217956033,0.00203265184159535,1.00102132907458
-0.426055587139927,-0.434472390987107,-0.00841680384717924,1.00286130667524
-0.237205087490202,-0.235882294575784,0.00132279291441811,1.00097560793664
-0.145608820808039,-0.150677341809257,-0.00506852100121799,1.00007042224899
-0.388320155052746,-0.391461701364233,-0.00314154631148755,1.00251791907947
-0.307755678632554,-0.31451024860655,-0.00675456997399526,1.00168678282975
-0.182133838723796,-0.186326130886214,-0.00419229216241859,1.00039655022484
-0.322370002510963,-0.313629470106958,0.0087405324040058,1.00185923492077
-0.181293372401412,-0.175804646932392,0.00548872546901996,1.00041829785435
-0.211302995718765,-0.215009312864341,-0.00370631714557615,1.00066404361548
-0.145911777802689,-0.153989615870328,-0.0080778380676394,1.00002377514835
-0.275627998798608,-0.285134041079513,-0.00950604228090451,1.00132707001889
-0.361327377638765,-0.355549986511299,0.00577739112746578,1.00225442327279
-0.237945018651625,-0.237014068775921,0.000930949875704662,1.00093355308777
-0.320935214250267,-0.314812486344483,0.00612272790578344,1.00177700493417
-0.321189732486136,-0.313659893596949,0.00752983888918712,1.00179791934363
-0.26635195160048,-0.249198405394307,0.0171535462061737,1.00127100001429
-0.204993724095121,-0.196602424666722,0.00839129942839992,1.00064109941814
-0.293868195563198,-0.269651803905976,0.0242163916572214,1.00149626337445
-0.196187518899472,-0.198494119390419,-0.00230660049094786,1.00059450820067
-0.246660987047173,-0.247465103722119,-0.000804116674946509,1.00106154119624
-0.255651395777204,-0.25217224946726,0.0034791463099435,1.00112546607298
-0.35450784432837,-0.360056040356107,-0.00554819602773671,1.00212438295078
-0.342371052044343,-0.339269670579823,0.00310138146451966,1.00201638155173
-0.316088539177396,-0.299830774657566,0.0162577645198301,1.00176495578619
-0.286969443308543,-0.291262806559703,-0.00429336325115959,1.00149862051397
-0.306261455010522,-0.304563558548993,0.00169789646152879,1.00160433943347
-0.258200804924726,-0.259221284147779,-0.00102047922305254,1.00122002446645
-0.2588760869203,-0.255233133174053,0.00364295374624718,1.00117882993185
-0.382030713536279,-0.379183344237222,0.00284736929905777,1.00248190149071
-0.176433866515858,-0.163511745756656,0.0129221207592029,1.00036639390361
-0.3672699807056,-0.368480802866882,-0.0012108221612811,1.00220898265422
-0.244026744400442,-0.252761894020713,-0.00873514962027089,1.00103281468518
-0.253138390659514,-0.250595609584471,0.0025427810750433,1.00113873344649
-0.224319747506936,-0.209898397782801,0.0144213497241352,1.00080835081663
-0.105795178784767,-0.0938785221313418,0.0119166566534255,0.999633183865404
-0.355318809911711,-0.352067290427973,0.0032515194837382,1.00212191782516
-0.418548309908989,-0.414909355680227,0.00363895422876176,1.00277599356733
-0.302709956974547,-0.294560802910883,0.00814915406366373,1.00162502015271
-0.273127989213468,-0.279881679979537,-0.00675369076606902,1.00133694192483
-0.273947296253018,-0.262522753251005,0.0114245430020127,1.00132184920836
-0.443449469217822,-0.441115954347269,0.00233351487055239,1.00299307425773
-0.309714933584606,-0.314950028805023,-0.00523509522041665,1.00171350665612
-0.422662720573286,-0.426217786397166,-0.0035550658238801,1.00278058511581
-0.321442039028513,-0.314146825797025,0.00729521323148774,1.00180361384097
-0.240016833894291,-0.244487213461793,-0.00447037956750243,1.00105950815937
-0.131150594499347,-0.13419024233791,-0.00303964783856289,0.999922998215388
-0.2569260354283,-0.255748878876886,0.00117715655141343,1.00111317955649
-0.443946073310508,-0.448991902552339,-0.00504582924183045,1.00302831187676
-0.312531922450203,-0.301247437052477,0.0112844853977263,1.00168904216443
-0.292828926690267,-0.295545393190969,-0.00271646650070195,1.0015462504359
-0.348242549418967,-0.351615294210819,-0.00337274479185196,1.00202082671268
-0.421335640231772,-0.419819804575406,0.00151583565636604,1.00280114102088
-0.30082435023588,-0.294121402006987,0.00670294822889261,1.00158462082157
-0.392710921752315,-0.406544065253841,-0.0138331435015264,1.00253678383454
-0.290877702225105,-0.283190151643865,0.00768755058123982,1.00153594620472
-0.231309441394363,-0.239002520200743,-0.00769307880638054,1.00098587551247
-0.320781671096748,-0.321177643639125,-0.000395972542376388,1.00178556665579
-0.336723805363504,-0.334014971211543,0.00270883415196088,1.00193781954735
-0.296470281255568,-0.307390567269454,-0.010920286013886,1.00149158236688
-0.332124532565108,-0.33511976873286,-0.00299523616775133,1.00193873631501
-0.182472041809434,-0.171035525101532,0.0114365167079013,1.00040711774742
-0.175265452049,-0.178314191148167,-0.00304873909916686,1.00033247283951
-0.314865657835155,-0.320926533178775,-0.00606087534361988,1.00174479049983
-0.387353616264891,-0.390329192556775,-0.00297557629188405,1.002486065837
-0.164621781603838,-0.163531195132185,0.00109058647165378,1.00024390716579
-0.219910964345162,-0.217781626454006,0.00212933789115696,1.00075643147109
-0.190682238549441,-0.190815822408352,-0.000133583858910269,1.00050766917877
-0.197956627349092,-0.194999045964767,0.00295758138432481,1.00057596237544
-0.31141176528057,-0.304226243093944,0.00718552218662621,1.00171700622014
-0.138897822998553,-0.135114503996472,0.00378331900208131,1.00001489219687
-0.20953217891376,-0.200112802140825,0.00941937677293506,1.00065457240141
-0.255000956794996,-0.258726460096071,-0.00372550330107441,1.0011253152685
-0.369601804645842,-0.362468668258157,0.00713313638768559,1.00227713492971
-0.32632087506786,-0.341701341041167,-0.0153804659733065,1.0018769465287
-0.260374872204502,-0.256422051848482,0.00395282035601935,1.00123225580787
-0.346570415705459,-0.349380469564548,-0.002810053859089,1.00206453094823
-0.195762339901884,-0.187279101830015,0.00848323807186863,1.00053506449661
-0.231405747408513,-0.226379578150092,0.00502616925842128,1.00089952459182
-0.155062269945612,-0.157397429602795,-0.00233515965718242,1.00018404891287
-0.370987146881635,-0.363721451418984,0.00726569546265171,1.00229759511592
-0.395452592889314,-0.382284539682631,0.0131680532066824,1.00251942505339
-0.40376312897083,-0.414317279378,-0.0105541504071703,1.00255986086348
-0.206715619579384,-0.214273573188649,-0.00755795360926501,1.00065508485593
-0.368017753788125,-0.358374525485809,0.00964322830231584,1.00226937098704
-0.257804012193414,-0.252280302625535,0.0055237095678784,1.00121015636074
-0.172112496650974,-0.163545362545367,0.00856713410560661,1.00027434749752
-0.274289858979713,-0.281604609774287,-0.00731475079457411,1.0013116170194
-0.213550820179848,-0.204444488396811,0.00910633178303782,1.00069921764599
-0.53794890480422,-0.530966133118195,0.00698277168602457,1.00396161580111
-0.286242199553537,-0.288616410874615,-0.00237421132107868,1.00146118598478
-0.32732962712125,-0.320686960787015,0.00664266633423521,1.00186181099132
-0.401264678532245,-0.41892923982288,-0.0176645612906353,1.00257565094529
-0.122463858877241,-0.123505380097734,-0.00104152122049378,0.99979901563929
-0.282513167825792,-0.277582134283533,0.00493103354225893,1.00135693982168
-0.283994439721577,-0.275564760210444,0.00842967951113316,1.00141725765703
-0.109165861482402,-0.124842861544748,-0.015677000062346,0.999629344806488
-0.339105797759196,-0.339321434010581,-0.000215636251384932,1.00203830420777
-0.196388456704675,-0.183435511165218,0.0129529455394569,1.00051705606641
-0.42004092122775,-0.418824847528537,0.00121607369921251,1.00275376014682
-0.456360645855257,-0.457182014954659,-0.000821369099401448,1.00318016250805
-0.365379325458336,-0.365219580721159,0.00015974473717717,1.00221035886895
-0.293575806904286,-0.281421721551945,0.0121540853523412,1.0015318634139
-0.30191510002951,-0.312073972570579,-0.0101588725410692,1.00165137280638
-0.416613161174196,-0.427401789442327,-0.0107886282681307,1.00273779399224
-0.241334875250968,-0.246929934695521,-0.00559505944455271,1.00096387551837
-0.357866746819371,-0.350443010410326,0.00742373640904542,1.00216787641183
-0.276304095658526,-0.278772102753531,-0.00246800709500555,1.00139661042157
-0.27665928169532,-0.279256724008053,-0.00259744231273307,1.00132097183968
-0.234794616187277,-0.228234622085961,0.00655999410131586,1.00100322962513
-0.248688896729411,-0.245166992852133,0.00352190387727835,1.00110417608087
-0.105249151587961,-0.105862126754738,-0.000612975166777163,0.999643554335326
-0.307343917339276,-0.316620821091288,-0.00927690375201201,1.00165163607221
-0.349364201436668,-0.350016021656372,-0.000651820219703503,1.00208809764552
-0.310074374219622,-0.312090167477634,-0.00201579325801177,1.00170883525133
-0.428022607568222,-0.418975409454479,0.00904719811374233,1.00289998741473
-0.156450419760788,-0.148315725695522,0.00813469406526551,1.00009145283434
-0.301864306028838,-0.303382218440934,-0.00151791241209537,1.0016067243971
-0.316458357968021,-0.320081916500525,-0.00362355853250357,1.00174981078739
-0.169377197548595,-0.181347183895127,-0.0119699863465318,1.0003925533375
-0.372419502533736,-0.368241936975219,0.00417756555851617,1.00226658204011
-0.242754136291574,-0.238021424118863,0.00473271217271157,1.0009527901794
-0.193492872880709,-0.196324372183142,-0.00283149930243334,1.0005990296755
-0.376263843354408,-0.36980156789738,0.0064622754570286,1.00232146219015
-0.339200628354769,-0.358499622526443,-0.0192989941716734,1.00198509687608
-0.317525183183658,-0.313966675490306,0.00355850769335264,1.00178300584617
-0.17050138665208,-0.167610025362072,0.00289136129000783,1.0003005838428
-0.347312419705256,-0.349706165454903,-0.00239374574964707,1.00209611639319
-0.22861206074952,-0.227372022459881,0.00124003828963909,1.0008931007323
-0.119147111882577,-0.125187232532712,-0.00604012065013478,0.99977552935767
-0.361053622940574,-0.346935479118111,0.0141181438224635,1.00224308473127
-0.298370305633861,-0.30731737584536,-0.00894707021149888,1.00157357866771
-0.247731114485508,-0.24267958643315,0.0050515280523587,1.00109158877258
-0.422411117272033,-0.425092450931658,-0.00268133365962525,1.00282676957484
-0.221587254415708,-0.214275911822022,0.00731134259368549,1.0008313268406
-0.175314332862317,-0.176552778855605,-0.00123844599328804,1.0003721503736
-0.17485050873509,-0.177954200233255,-0.00310369149816492,1.00032655096137
-0.286204610266895,-0.284244977787515,0.00195963247938002,1.00148158271693
-0.299252102276158,-0.31414031012841,-0.014888207852252,1.00155842699591
-0.315215621751234,-0.31353777105666,0.00167785069457399,1.00173280668621
-0.259607247685701,-0.261564628995796,-0.00195738131009487,1.00120028394775
-0.292198808461307,-0.301000359822139,-0.00880155136083288,1.00153254856311
-0.273997934270639,-0.281926560188054,-0.00792862591741506,1.00134274168521
-0.362917846063696,-0.361744377125,0.00117346893869608,1.00222069089136
-0.0820143056887263,-0.0845733437466547,-0.00255903805792836,0.999398321563534
-0.218142688379357,-0.219808722926372,-0.00166603454701525,1.0007395474569
-0.348269539964891,-0.343348585971431,0.00492095399346015,1.00209395381084
-0.215512340398135,-0.215601533380174,-8.9192982038383e-05,1.00077672956768
-0.38270583902519,-0.382876428639393,-0.000170589614202854,1.00237957670374
-0.151199024115988,-0.143754611188137,0.00744441292785167,1.00013247737557
-0.292230930677964,-0.26308285434593,0.0291480763320344,1.0015378622586
-0.406184772341353,-0.399118865315102,0.0070659070262506,1.00263071894216
-0.224299537068719,-0.227449092479888,-0.0031495554111691,1.00085092290999
-0.440237835831545,-0.43407460989953,0.00616322593201563,1.00297836526487
-0.215309272702193,-0.199769020377609,0.0155402523245838,1.0007713112399
-0.120012213766783,-0.119065510720296,0.000946703046487071,0.999807341386937
-0.42193624901402,-0.420687463292248,0.00124878572177239,1.00281061084222
-0.185023731629997,-0.185986197670288,-0.000962466040290655,1.00042691544467
-0.287299506707966,-0.278640924590301,0.00865858211766496,1.00149428353807
-0.372207368928126,-0.378006128883118,-0.00579875995499213,1.00231050630538
-0.425887703313278,-0.430063298589429,-0.00417559527615113,1.00283551079164
-0.302917530101284,-0.285513691755228,0.0174038383460566,1.00163305794754
-0.373930126367995,-0.382098334325544,-0.00816820795754886,1.0023402738244
-0.323797997028758,-0.314114595515953,0.00968340151280511,1.00182709976929
-0.0686286618459158,-0.0631560620021421,0.00547259984377366,0.999307463683495
-0.409981781070048,-0.412021602722161,-0.00203982165211319,1.00266053777845
-0.28491226512931,-0.285930016841649,-0.0010177517123392,1.00142828292173
-0.231295172219129,-0.218647512118958,0.0126476601001711,1.00091048192868
-0.275108218489154,-0.279145351520664,-0.00403713303151088,1.00131187171169
-0.257073463889669,-0.260650578908387,-0.00357711501871882,1.00115346229132
-0.323740773820748,-0.325629430026026,-0.00188865620527784,1.00181609615745
-0.283028925161093,-0.282459581254973,0.000569343906119957,1.0014323483258
-0.218003044040946,-0.219934432764842,-0.00193138872389564,1.00075616572889
-0.33338104311867,-0.327981032472172,0.0054000106464982,1.00195261328171
-0.273800089992858,-0.277150484694171,-0.00335039470131271,1.00133337940683
-0.461178643471635,-0.446639184843403,0.0145394586282313,1.00322530865869
-0.261684757471374,-0.260057740678599,0.00162701679277466,1.00121226452249
-0.406735070636065,-0.406175837710483,0.000559232925581743,1.0026689650251
-0.416521961731507,-0.416820204100498,-0.000298242368991564,1.00273278397043
-0.298217843260078,-0.288900171114869,0.00931767214520907,1.00157860433253
-0.418916236965992,-0.412418997337141,0.00649723962885146,1.00274022340752
-0.168838076435092,-0.1658234374467,0.0030146389883921,1.00026438441177
-0.424920608370466,-0.429848902108807,-0.00492829373834075,1.0028390235214
-0.135141551517774,-0.129080320059096,0.00606123145867715,0.999931602613293
-0.278427164554638,-0.276394514844694,0.00203264970994449,1.0013680181239
-0.248634231263695,-0.249691680605385,-0.00105744934168983,1.00107936039558
-0.416668557087194,-0.402936358550082,0.0137321985371125,1.00274485682133
-0.3455360139038,-0.357664883867554,-0.0121288699637545,1.00203727070401
-0.274834848433812,-0.282950276193413,-0.00811542775960078,1.00130008930794
-0.326976290231353,-0.335020839528751,-0.00804454929739845,1.0018010556122
-0.170685158946372,-0.167783697135741,0.0029014618106307,1.00027608529858
-0.284877277015297,-0.278953705862075,0.00592357115322212,1.00143678986345
-0.313875190248958,-0.31543467019941,-0.00155947995045186,1.00174468807128
-0.264615703394125,-0.26907148924273,-0.00445578584860484,1.00126980175956
-0.127018388123552,-0.137221552990242,-0.0102031648666903,0.999867374373579
-0.227478790382885,-0.223968687424876,0.00351010295800944,1.0008848875848
-0.360254168166768,-0.351033784218087,0.00922038394868085,1.00223911751485
-0.292874384996808,-0.316827506285145,-0.023953121288337,1.00151096790993
-0.254073132108348,-0.253480019395129,0.000593112713218769,1.0010821937946
-0.349450451599375,-0.337857286635895,0.0115931649634805,1.00208436610769
-0.491393873787435,-0.487806831738588,0.00358704204884741,1.00349787349955
-0.221715627933781,-0.219541881598063,0.00217374633571868,1.00081218272185
-0.274697798346636,-0.276292287727943,-0.00159448938130657,1.00135046215901
-0.217966879050442,-0.211616561217817,0.00635031783262496,1.00081142492904
-0.268515935316484,-0.259059484683232,0.00945645063325157,1.00129876170969
-0.21179550082391,-0.208012124395882,0.00378337642802876,1.00070626744713
-0.117536975773695,-0.115174718432322,0.00236225734137255,0.999758726767257
-0.315776832051134,-0.305527785098523,0.010249046952611,1.00178693502803
-0.282316028352158,-0.265989184134793,0.0163268442173649,1.00140483729846
-0.270859305995818,-0.266920375376376,0.00393893061944223,1.00131112004957
-0.235474198242311,-0.237526662092202,-0.00205246384989144,1.00095647751642
-0.365593262423135,-0.36102428598085,0.00456897644228493,1.00219659243761
-0.325447274055525,-0.311780279350284,0.0136669947052412,1.00186195240825
-0.271639997904351,-0.25299099647977,0.0186490014245809,1.00125307987629
-0.27039878327153,-0.268156537527423,0.00224224574410659,1.00131538045288
-0.202953029614645,-0.205845458810372,-0.00289242919572683,1.00062206160311
-0.37512024589366,-0.384539788338119,-0.00941954244445914,1.00233980242275
-0.24611856257209,-0.243935685212725,0.00218287735936501,1.00103390017041
-0.157262584300904,-0.162961960967927,-0.00569937666702319,1.0001770816993
-0.212939452563044,-0.219066358254663,-0.00612690569161845,1.00071032413966
-0.330309947758096,-0.322187967943276,0.0081219798148196,1.00191406415833
-0.0239573676404806,-0.0357694459683835,-0.0118120783279029,0.998881014086834
-0.404198674523505,-0.406270829696932,-0.00207215517342629,1.00261558655457
-0.234380684314878,-0.244238369123531,-0.00985768480865207,1.00091382178625
-0.36284078839265,-0.352798812978556,0.010041975414094,1.00220136579014
-0.197138591987867,-0.189253987358188,0.00788460462967924,1.00051776015029
-0.32131005793233,-0.311368401974841,0.00994165595748914,1.00181670239744
-0.252786906487203,-0.254001690856962,-0.00121478436975941,1.00109266463459
-0.213244085076027,-0.204960744473578,0.00828334060244904,1.00070129004392
-0.218863359244542,-0.21405520344288,0.0048081558016628,1.00079601464353
-0.272035772788216,-0.26349968717119,0.00853608561702601,1.00126670857369
-0.14600789102145,-0.140927533892379,0.00508035712907098,0.999981305056193
-0.143521188593506,-0.156950455194714,-0.0134292666012081,0.999979447129004
-0.273931585036214,-0.283649067015111,-0.00971748197889682,1.00127719780075
-0.111787930410891,-0.11365518189414,-0.00186725148324957,0.99969975724453
-0.35138675502486,-0.350414903907618,0.000971851117241129,1.00211599647763
-0.253293386861539,-0.24808637492968,0.00520701193185882,1.00112857081534
-0.19346412430406,-0.202666457267726,-0.00920233296366588,1.00049574995488
-0.109494985253819,-0.111448749430509,-0.00195376417668998,0.999707487323799
-0.256626118022201,-0.25732861195757,-0.00070249393536892,1.00112353893673
-0.237228431257275,-0.22061248769184,0.016615943565435,1.00098281736869
-0.267592802106891,-0.261642347442278,0.00595045466461253,1.00123441773837
-0.275553791954911,-0.268308548533794,0.00724524342111704,1.00138613793406
-0.347340625269145,-0.334209652450709,0.0131309728184359,1.00208130796051
-0.241611735534231,-0.247603550286958,-0.00599181475272681,1.00101656921753
-0.244444206726499,-0.238851422398395,0.00559278432810367,1.00100730315905
-0.151057392682568,-0.145557400607945,0.00549999207462387,1.00013326442991
-0.403642223249544,-0.401029606082668,0.00261261716687639,1.00255614094745
-0.306973338283727,-0.308460305499246,-0.00148696721551911,1.00165608580845
-0.288050765141017,-0.2927310265473,-0.00468026140628297,1.00152036357762
-0.226083084574997,-0.221260374375071,0.00482271019992647,1.00084783771732
-0.375759606100395,-0.363615361241189,0.0121442448592062,1.00234409837447
-0.372578712154003,-0.357519409311044,0.0150593028429585,1.0023264963845
-0.232007828406303,-0.221787845224195,0.0102199831821082,1.00090821603788
-0.359068107578203,-0.373611993855231,-0.0145438862770284,1.0021482402572
-0.256650462052586,-0.254734543151109,0.0019159189014768,1.00118508918995
-0.418770360416514,-0.421531843251337,-0.00276148283482291,1.00275427302982
-0.229497341880737,-0.218840648353716,0.0106566935270209,1.00088854235103
-0.38414806909241,-0.381739837227342,0.00240823186506811,1.002434828508
-0.339483703705513,-0.343161984385809,-0.00367828068029658,1.00197775316605
-0.282202454000162,-0.274464315310656,0.00773813868950601,1.00139459605292
-0.22219247980598,-0.226558808130841,-0.00436632832486067,1.00085975161498
-0.260461301105328,-0.261616831810138,-0.00115553070481084,1.00119630402389
-0.319157439830899,-0.333955336283293,-0.0147978964523939,1.00174217742679
-0.240465373563655,-0.235979857230529,0.00448551633312563,1.00100985485531
-0.241845104346941,-0.23212061970294,0.00972448464400108,1.00107959738022
-0.29591485419425,-0.291979694601452,0.00393515959279844,1.00156710643254
-0.268447623704088,-0.281277385626055,-0.0128297619219673,1.0013095336216
-0.367241081089288,-0.361646671072104,0.00559441001718425,1.00223065609221
-0.246767583689671,-0.245924816065928,0.000842767623743662,1.00107917032744
-0.237683916873142,-0.235421590238281,0.00226232663486156,1.00092302927833
-0.46107550015927,-0.464105487432533,-0.00302998727326215,1.00321786612224
-0.165200683878147,-0.159046148293656,0.006154535584491,1.0002357944785
-0.263186999176639,-0.259583973406265,0.00360302577037386,1.00122618551834
-0.441900893469727,-0.443966635135439,-0.00206574166571138,1.00297817930607
-0.213428271596552,-0.213883466080344,-0.000455194483792054,1.00074860506838
-0.249218382102285,-0.248942701320727,0.000275680781557625,1.00108942453157
-0.391055547960448,-0.383589000457175,0.00746654750327291,1.0024835762824
-0.266922945347999,-0.250569732997385,0.0163532123506147,1.00125165789667
-0.16478328671936,-0.166875130698347,-0.00209184397898649,1.00019815448531
-0.237646122844805,-0.234022873504905,0.00362324933989963,1.0009010329936
-0.34725524428121,-0.341070093840622,0.00618515044058737,1.00205278617064
-0.214251352196235,-0.21511719884546,-0.000865846649225288,1.00073124122765
-0.310083073137976,-0.319014610412572,-0.00893153727459578,1.00174472978097
-0.353898168627654,-0.341132693387587,0.0127654752400668,1.00209810209763
-0.204822296078556,-0.198242944578619,0.00657935149993694,1.00061495484536
-0.300690617379932,-0.309371941950578,-0.00868132457064574,1.00162325173762
-0.317224903469152,-0.32175058570001,-0.0045256822308577,1.00174304991996
-0.308809170190666,-0.296524021566245,0.0122851486244203,1.00165304711427
-0.357896290589613,-0.345777183595905,0.0121191069937079,1.00211114114438
-0.13335462885825,-0.142237140272912,-0.00888251141466195,0.999875731613497
-0.124670407451667,-0.131168608616819,-0.00649820116515218,0.99978854443054
-0.346965765142737,-0.333261526002559,0.0137042391401774,1.00203767064479
-0.333628434914356,-0.32868359043127,0.00494484448308596,1.00192246893926
-0.256902138435205,-0.228633371243782,0.0282687671914231,1.00115885840952
-0.34547625862568,-0.338947604277233,0.00652865434844685,1.0020749437674
-0.208835868432088,-0.21499767365029,-0.00616180521820256,1.00068327804516
-0.23097794824613,-0.22905734014366,0.0019206081024695,1.00093415209587
-0.26084623208815,-0.253692904967346,0.0071533271208038,1.00125468644895
-0.202240153646081,-0.200030370374794,0.00220978327128613,1.000603943992
-0.27422332123705,-0.267393776250123,0.00682954498692656,1.00136251770155
-0.257529884589815,-0.252191065450829,0.00533881913898548,1.00117807950318
-0.361133055147898,-0.359428044358718,0.00170501078917995,1.00221292129457
-0.277447261325662,-0.283185335929765,-0.00573807460410225,1.00138807343576
-0.146712145232901,-0.149166430365157,-0.00245428513225635,1.00007605782541
-0.19684070223092,-0.200636373628361,-0.00379567139744164,1.00054044567631
-0.409274098097356,-0.40964622251747,-0.000372124420113473,1.0027098771474
-0.239998624954872,-0.227484068086768,0.0125145568681044,1.00103505906269
-0.247695695386862,-0.24866549584874,-0.000969800461877834,1.00104347494843
-0.260065928815013,-0.254810573904723,0.00525535491028939,1.00122797746938
-0.38614930248323,-0.39865469244502,-0.0125053899617902,1.00251724904267
-0.393955455473936,-0.388970479352703,0.0049849761212335,1.00252475598001
-0.319812960492347,-0.30768871129793,0.0121242491944172,1.00179165923563
-0.366157200243502,-0.357186918979478,0.00897028126402427,1.00229988893642
-0.154753113122124,-0.156933818835467,-0.00218070571334303,1.00014530562501
-0.305549280143125,-0.303561956812214,0.00198732333091167,1.00163274767248
-0.249815265536928,-0.263399745664584,-0.0135844801276562,1.00107167585765
-0.452131075596798,-0.465681286885911,-0.0135502112891127,1.003143824625
-0.244069990567483,-0.24425744222244,-0.000187451654956844,1.00107245669864
-0.310441516823405,-0.323441964114091,-0.0130004472906864,1.00174631533114
-0.361160118426501,-0.36695398394821,-0.00579386552170924,1.00220227687859
-0.204412905267962,-0.201386958185362,0.00302594708260012,1.00064727222192
-0.309549513970159,-0.291609846987332,0.0179396669828276,1.00167422926223
-0.405707559087407,-0.402627768450801,0.00307979063660568,1.00259541208006
-0.266398115297562,-0.263430531692106,0.00296758360545607,1.00128128008445
-0.336263903061921,-0.345708300067886,-0.00944439700596578,1.00190096549861
-0.330079587117046,-0.336445926234995,-0.00636633911794837,1.00190361195157
-0.363323857908629,-0.369658305976615,-0.00633444806798572,1.00218495201569
-0.411782487711615,-0.392238685663351,0.0195438020482641,1.00265822050084
-0.27265486809256,-0.273465581869197,-0.00081071377663694,1.00130685622773
-0.300042905403898,-0.289640660502416,0.0104022449014821,1.00163003871871
-0.277402777642755,-0.274792868549066,0.00260990909368908,1.00135276711422
-0.141708163772612,-0.15454676196087,-0.0128385981882584,1.00003817612149
-0.244638703727887,-0.245826785610757,-0.00118808188287028,1.00106817848714
-0.208214061261959,-0.206002789990363,0.00221127127159668,1.0006487592629
-0.108729967332172,-0.104970797102001,0.00375917023017065,0.99967576735884
-0.355550435514541,-0.371593793379225,-0.0160433578646849,1.0021350762476
-0.283008354684019,-0.283664039283085,-0.000655684599066009,1.00147119581146
-0.185837250046137,-0.191926172217384,-0.00608892217124732,1.0004634753743
-0.319482643733516,-0.319876522869004,-0.000393879135488218,1.00177206698608
-0.208133592512861,-0.21250513652009,-0.00437154400722981,1.00071918819415
-0.192636423377077,-0.200347119277558,-0.00771069590048165,1.00054076107613
-0.425630251677392,-0.413471020354438,0.0121592313229542,1.00278708912219
-0.198063338762208,-0.198224728528236,-0.000161389766028169,1.00058925023464
-0.400843758570093,-0.405271228152161,-0.00442746958206758,1.00259806549888
-0.458644746105822,-0.457084408243391,0.00156033786243159,1.00319897885392
-0.320153608119812,-0.322875613583929,-0.00272200546411711,1.00180043775701
-0.204337809762004,-0.207375203490429,-0.00303739372842554,1.00059598836256
-0.295460924031556,-0.297736754881303,-0.00227583084974692,1.00159545694569
-0.182327921116111,-0.189409740221733,-0.00708181910562239,1.00046079814413
-0.295680009338231,-0.296930710235299,-0.00125070089706814,1.00156638915988
-0.275806878002305,-0.286786366841785,-0.0109794888394799,1.00136815901021
-0.231451424571192,-0.236207544947666,-0.00475612037647394,1.00092555195255
-0.362238451392675,-0.360167027919853,0.00207142347282152,1.00222295336625
-0.411458410514243,-0.412568787245305,-0.00111037673106207,1.00274484431393
-0.138269696697843,-0.138927767064841,-0.000658070366998109,0.999924165796229
-0.345109601411711,-0.332502026054462,0.0126075753572489,1.00200305144906
-0.170786359320153,-0.170069402695923,0.000716956624229576,1.00029623620932
-0.238067375548606,-0.24537180250948,-0.00730442696087333,1.0010420740957
-0.209019141809403,-0.201519493526039,0.00749964828336447,1.00068753416988
-0.327909377519171,-0.325663082593499,0.00224629492567135,1.00187885695214
-0.221765413476876,-0.212210589675792,0.00955482380108361,1.00080336513046
-0.231478878072852,-0.224776622950604,0.00670225512224779,1.00092001021133
-0.24493597838462,-0.229082378159326,0.0158536002252939,1.00097925275903
-0.211899072272615,-0.209674437558466,0.00222463471414841,1.00070686683443
-0.347750917806833,-0.34733967412675,0.000411243680082329,1.00203430121917
-0.320972831553948,-0.312438598372571,0.0085342331813773,1.00185169985842
-0.283555739828046,-0.280691368086992,0.00286437174105447,1.00143270947295
-0.250429964982878,-0.243511552740372,0.00691841224250622,1.0010720353632
-0.107853013442997,-0.114664369549769,-0.00681135610677214,0.999660725098906
-0.181988962006782,-0.1759250183696,0.00606394363718157,1.0004325079351
-0.357886777012399,-0.356897318496185,0.000989458516214348,1.00209362513354
-0.162129694551443,-0.150610154628055,0.0115195399233879,1.00021017724609
-0.237396766573722,-0.236418641515551,0.000978125058171908,1.00096946092636
-0.488318212146745,-0.484311481833464,0.00400673031328097,1.00345545824881
-0.445493336204945,-0.450279737232596,-0.00478640102765138,1.00306760548963
-0.16088562491246,-0.151759951757684,0.00912567315477558,1.00025737097189
-0.251749922466083,-0.240136424339059,0.0116134981270243,1.00111888041039
-0.450331146436241,-0.445608523145712,0.00472262329052842,1.00307015680276
-0.191327625618054,-0.194911614412937,-0.00358398879488303,1.00050838407011
-0.255370568934078,-0.245093417428735,0.010277151505343,1.00109470391894
-0.396730693933009,-0.400061981398602,-0.00333128746559253,1.00256823393236
-0.441938909556454,-0.441273859537176,0.000665050019277968,1.00298168481163
-0.392456188000113,-0.394663203192408,-0.00220701519229533,1.00253360638782
-0.246326021832042,-0.23595011240524,0.010375909426803,1.00103417057331
-0.167078280748425,-0.163053299256011,0.00402498149241459,1.0002200992703
-0.276136737618682,-0.284864323943669,-0.00872758632498688,1.0012931847581
-0.425610214393143,-0.415564000886102,0.0100462135070412,1.00284639058951
-0.317130218459102,-0.324352745296652,-0.00722252683754981,1.00177012920564
-0.304469304677287,-0.301307385079799,0.00316191959748829,1.00169769294067
-0.257328417203083,-0.251333476452545,0.00599494075053802,1.00119234059145
-0.240194432884899,-0.221509941387169,0.0186844914977301,1.00101027799311
-0.176358838066012,-0.182457316464676,-0.00609847839866395,1.00037417519309
-0.355924011041938,-0.350426180235303,0.00549783080663474,1.00215023873861
-0.191285394893483,-0.191587074134634,-0.000301679241151737,1.00052288454215
-0.260481080930218,-0.262240348747915,-0.00175926781769703,1.0011399510579
-0.307249842909062,-0.316102522913641,-0.00885268000457917,1.00166590132507
-0.294330488281116,-0.291712444874588,0.00261804340652738,1.00158199905047
-0.293482722240823,-0.288196283634861,0.00528643860596201,1.00148527607034
-0.221703547453539,-0.227468267503221,-0.00576472004968231,1.00078408035709
-0.290015592819877,-0.291847755583685,-0.00183216276380804,1.00153000106231
-0.355155457528466,-0.344693233478822,0.0104622240496444,1.00214665825036
-0.291710132626037,-0.291985987218894,-0.000275854592857561,1.00152504623318
-0.318357690788085,-0.30708888553266,0.0112688052554252,1.00181826342058
-0.298049794735788,-0.29492708733541,0.00312270740037784,1.00157590993547
-0.514676064254498,-0.503611761640269,0.011064302614229,1.00372958678458
-0.157720912250261,-0.158350890264713,-0.000629978014452082,1.00013107442962
-0.315358216113844,-0.311260927144557,0.00409728896928657,1.001765824983
-0.328856591593305,-0.334405425941976,-0.00554883434867154,1.00186533446897
-0.320058048703105,-0.318347675570706,0.00171037313239863,1.00177842051444
-0.207049886130441,-0.213638636004907,-0.00658874987446531,1.00061422797244
-0.119995181707603,-0.132831290080117,-0.0128361083725142,0.999791144592271
-0.228528791071493,-0.226185047289634,0.00234374378185856,1.00088406554083
-0.18101254842912,-0.173637036191854,0.00737551223726599,1.00039395485051
-0.197372613216977,-0.188904675992359,0.00846793722461817,1.00053497113916
-0.283465689386391,-0.280624694351807,0.00284099503458368,1.00140868394013
-0.31310907037432,-0.314335392436743,-0.00122632206242301,1.00171285134463
-0.370169936850808,-0.377316726687389,-0.00714678983658079,1.00225558220844
-0.261097723835041,-0.279961382864668,-0.0188636590296268,1.00120707076767
-0.186450089704764,-0.184111976974359,0.00233811273040591,1.00045269490939
-0.335518669306071,-0.338311644410793,-0.00279297510472143,1.00194193297325
-0.293001884275119,-0.293702947294145,-0.000701063019025783,1.00150795474379
-0.18289056727613,-0.186424348206991,-0.00353378093086162,1.00039576710686
-0.31937365299879,-0.331965578838156,-0.0125919258393665,1.00184330286888
-0.348091225435939,-0.334965245233713,0.0131259802022261,1.0020645826832
-0.319840850341491,-0.307368708559248,0.0124721417822436,1.00178303714821
-0.370694451239985,-0.383633935739217,-0.0129394844992329,1.0023060492599
-0.187918828922543,-0.184415812521109,0.00350301640143413,1.0004479785095
-0.442874865533998,-0.455861569755517,-0.0129867042215184,1.00302791739851
-0.22829118446007,-0.243119093463485,-0.0148279090034149,1.00080113666299
-0.266059792024067,-0.253888836349309,0.0121709556747577,1.00125264758604
-0.354927545930772,-0.360921251238291,-0.00599370530751903,1.00210027971668
-0.236217248492574,-0.246084599876396,-0.00986735138382211,1.00096247961195
-0.347535652191179,-0.339805389873104,0.00773026231807528,1.00207117767484
-0.203471688248325,-0.203688210620709,-0.000216522372383315,1.00063159280791
-0.327859577603876,-0.316758102207418,0.0111014753964587,1.00187256850516
-0.257351492133107,-0.259533509325295,-0.00218201719218791,1.00119994439558
-0.346034720757549,-0.355707634581577,-0.00967291382402719,1.00210412808374
-0.262648548169868,-0.272169470424165,-0.00952092225429685,1.00125344239129
-0.315867266516157,-0.315935568412272,-6.83018961150639e-05,1.00177720241969
-0.223301219432438,-0.2224133250269,0.00088789440553752,1.00081912700809
-0.365420877380608,-0.363782098600018,0.00163877878058999,1.00221947554252
-0.39013871532467,-0.398245694306009,-0.00810697898133844,1.00251894326999
-0.305120719794226,-0.301792417292184,0.00332830250204186,1.00163746747029
-0.295388229081437,-0.294557184404573,0.000831044676864179,1.001526252082
-0.129313093701621,-0.12524916969858,0.00406392400304031,0.999885578975542
-0.335727821600668,-0.342809550290142,-0.00708172868947421,1.00204354034265
-0.221501051019152,-0.229805175461971,-0.00830412444281833,1.00082400795824
-0.343538495393749,-0.343441164473978,9.73309197712657e-05,1.00203866430745
-0.435393736885864,-0.432920697197145,0.00247303968871876,1.00296621307062
-0.345092514116465,-0.337787124310733,0.00730538980573253,1.00205794002928
-0.420439775815342,-0.422185241791376,-0.00174546597603337,1.00287878608995
-0.321287090368986,-0.328529205565029,-0.00724211519604295,1.00178102309447
-0.313924001237197,-0.317989895962576,-0.00406589472537949,1.00170416513411
-0.21344097943181,-0.218924152906576,-0.00548317347476601,1.00079295414914
-0.356238410714708,-0.358857368363733,-0.00261895764902503,1.00218227182317
-0.181263721975977,-0.190851124883014,-0.00958740290703786,1.00042011111247
-0.389713264446146,-0.385991479994173,0.0037217844519738,1.00251839744767
-0.229917425583042,-0.219343984803147,0.0105734407798943,1.0008938042556
-0.35911387190695,-0.359551339203966,-0.000437467297015992,1.00219969722321
-0.287710452207247,-0.28559486291562,0.00211558929162725,1.00144536764169
-0.353719177993277,-0.357577840319083,-0.00385866232580623,1.00212114202592
-0.249194127243862,-0.261963789889072,-0.0127696626452092,1.00106927611983
-0.362172996225092,-0.351270709673438,0.0109022865516542,1.00220892491466
-0.373109051003326,-0.358743543974103,0.0143655070292229,1.00234272606889
-0.228604381641288,-0.234589094672944,-0.00598471303165546,1.00084338891756
-0.266850330852772,-0.262450460617246,0.00439987023552607,1.00127769952085
-0.268227192000767,-0.262411169433616,0.00581602256715108,1.00123940074416
-0.403532306339829,-0.400920895483276,0.00261141085655214,1.00262465814626
-0.293359779800277,-0.299513122549398,-0.00615334274912099,1.00154340403391
-0.160718847034717,-0.163280803634956,-0.00256195660023906,1.00017682893932
-0.20052908848186,-0.197302418088522,0.00322667039333815,1.00060723700965
-0.253198154245074,-0.258879135433444,-0.0056809811883704,1.00115452700892
-0.247175238606824,-0.24202888238526,0.00514635622156415,1.00106186587009
-0.299308868025601,-0.304250490388188,-0.00494162236258727,1.00158380310221
-0.420034817130458,-0.426524406099118,-0.00648958896865987,1.00276760720992
-0.180524725616432,-0.177383630174977,0.00314109544145544,1.00046836453629
-0.26044644735562,-0.264192010804198,-0.00374556344857813,1.00121313770482
-0.227710198160764,-0.220599076405591,0.00711112175517306,1.00085011924647
-0.312093094564113,-0.317889412488121,-0.00579631792400809,1.00175301170101
-0.250359294007339,-0.245792786959855,0.00456650704748363,1.00110932297373
-0.304988182289497,-0.300925510521971,0.00406267176752573,1.0015941723798
-0.392246457716833,-0.38174783157664,0.0104986261401928,1.00250637463289
-0.237250430234539,-0.250089451884413,-0.0128390216498735,1.00098205718141
-0.320271296790852,-0.322857364272982,-0.00258606748213086,1.00179149116278
-0.275348221502579,-0.276259521338928,-0.000911299836349133,1.00134392749745
-0.167924731234641,-0.165369756486892,0.00255497474774924,1.0003104512228
-0.340165384910543,-0.326841030838076,0.0133243540724665,1.00204773820875
-0.223429514724985,-0.214885723867933,0.0085437908570514,1.00082733929579
-0.245842920848595,-0.248846596319189,-0.00300367547059371,1.00106619158228
-0.316567205712527,-0.332632913745856,-0.0160657080333292,1.00173651638682
-0.40335742200909,-0.412065054533453,-0.00870763252436368,1.00256421436315
-0.322144002658165,-0.312451970793747,0.00969203186441803,1.00183259510436
-0.30181827238859,-0.284519897355809,0.0172983750327815,1.00156722256588
-0.290995408384688,-0.275812967669636,0.0151824407150513,1.00150558893784
-0.41490001458973,-0.410146587239789,0.00475342734994094,1.00268764857696
-0.409624004819091,-0.409819357665295,-0.000195352846203645,1.00263510504811
-0.202127500353995,-0.197663003849878,0.00446449650411745,1.00065274238932
-0.278142094494432,-0.271496865140311,0.00664522935412165,1.0013519162342
-0.214431558630845,-0.215617186151903,-0.00118562752105836,1.00068405019392
-0.281697712945463,-0.273937261814628,0.00776045113083518,1.00139177098899
-0.326221463780223,-0.32265673420005,0.00356472958017379,1.00183711382694
-0.255631163540254,-0.24750169035125,0.00812947318900378,1.00116070244293
-0.268453910789484,-0.272119480959948,-0.00366557017046337,1.0012899812347
-0.28327786077515,-0.292674403071065,-0.00939654229591513,1.00147340608715
-0.15708318265768,-0.154912462292943,0.00217072036473714,1.00016476406896
-0.316654827431467,-0.314409656313726,0.00224517111774108,1.00173033541244
-0.260364106985652,-0.264507261477813,-0.00414315449216002,1.0011776326771
-0.336833132012406,-0.340876505116998,-0.00404337310459202,1.00196131830381
-0.224840036283745,-0.222072649002317,0.00276738728142839,1.00083185541179
-0.177301745213529,-0.167150603539182,0.0101511416743469,1.00039162429222
-0.244712828376832,-0.242610251539102,0.00210257683772949,1.00107909526843
-0.292519446454317,-0.286874920465048,0.00564452598926973,1.00151154371701
-0.247435586871547,-0.245393591979978,0.00204199489156914,1.0011028283917
-0.171433301894933,-0.17829658366326,-0.00686328176832665,1.00032556669015
-0.224572478170298,-0.224828815824031,-0.000256337653733119,1.00083688345177
-0.173545390990628,-0.167955586724371,0.00558980426625733,1.00035524938305
-0.263629075777521,-0.277409561366889,-0.0137804855893678,1.00125148314815
-0.373995718562004,-0.366546246867688,0.0074494716943162,1.00237755840762
-0.227596569533759,-0.222066795065623,0.0055297744681358,1.00087033443197
-0.228873604149365,-0.229125892449602,-0.000252288300237047,1.00090791425273
-0.162773380304501,-0.149368978803357,0.0134044015011443,1.00019710041379
-0.241661698299518,-0.238700659446192,0.00296103885332663,1.00098129232381
-0.331268711801383,-0.326394563948939,0.00487414785244339,1.00193239815002
-0.217187814434976,-0.212432412744231,0.00475540169074457,1.00074164973792
-0.303905159614115,-0.301380084396873,0.00252507521724282,1.00161423905029
-0.159697299808759,-0.162324435285387,-0.00262713547662877,1.00019476473283
-0.28237091013185,-0.27983653872195,0.00253437140989948,1.00134810272257
-0.168114505269905,-0.177150924844485,-0.00903641957458029,1.00030608343632
-0.404366948309044,-0.41939209959734,-0.0150251512882952,1.00262749703697
-0.223790837853006,-0.210363728688273,0.0134271091647326,1.00079079851523
-0.411485779194792,-0.428091768872872,-0.0166059896780802,1.00268144863876
-0.256719715488918,-0.245487853404948,0.0112318620839696,1.00112678123558
-0.410960242556722,-0.40310838480731,0.00785185774941288,1.00272632626947
-0.253246100357821,-0.25239263603272,0.000853464325100195,1.00108442422498
-0.284443723094229,-0.283226628997249,0.00121709409698029,1.00145745525436
-0.304881597726598,-0.310095337937431,-0.00521374021083326,1.00163509544253
-0.377358237936172,-0.382574723832304,-0.00521648589613194,1.00236363556248
-0.246018870369746,-0.253712699288881,-0.00769382891913414,1.00101929460468
-0.24153715286383,-0.232402013138671,0.00913513972515917,1.00101954982317
-0.176344737077141,-0.182805189215959,-0.0064604521388178,1.00036171744477
-0.251768347142019,-0.249884266755674,0.00188408038634502,1.00112405870259
-0.451521580371345,-0.448534190988303,0.00298738938304194,1.00314422835668
-0.304033017451631,-0.296861455178786,0.00717156227284527,1.00160727911227
-0.3347447204447,-0.326705546051387,0.00803917439331264,1.00191386674099
-0.372289516841618,-0.355313429642116,0.0169760871995014,1.00228867383162
-0.198357681499307,-0.185302622260417,0.0130550592388894,1.00058077060483
-0.218130480921447,-0.216452564730806,0.00167791619064056,1.0008146590671
-0.259911502843088,-0.260170008037721,-0.000258505194632552,1.001106674301
-0.453982683313529,-0.453011485220497,0.000971198093031256,1.00312242993922
-0.165438482238502,-0.179384785323345,-0.013946303084843,1.00026720013722
-0.299591786492212,-0.296856285421591,0.00273550107062115,1.00159622680807
-0.288127604757893,-0.300215647000826,-0.0120880422429336,1.00145766631669
-0.384699540747139,-0.375741431445224,0.00895810930191454,1.00239453151612
-0.189723503990217,-0.189912057106585,-0.000188553116367507,1.00049389490326
-0.0973384297216521,-0.0982243591464953,-0.000885929424843251,0.999555597105597
-0.297457526129779,-0.300632046938547,-0.00317452080876779,1.00156902249849
-0.413835247867575,-0.414543168956147,-0.000707921088571706,1.00263227987116
-0.125305535275115,-0.134987351599817,-0.00968181632470178,0.999862354017117
-0.274006852661391,-0.27134172158696,0.00266513107443173,1.00132026107153
-0.412796000595459,-0.415127191634793,-0.00233119103933388,1.00267697437696
-0.308489957917787,-0.316126559343677,-0.00763660142589068,1.00166070746024
-0.373479627269121,-0.372210487759014,0.0012691395101061,1.00239579698164
-0.398300829051535,-0.408822752491932,-0.0105219234403973,1.0025347609086
-0.318765443921916,-0.322734452196121,-0.00396900827420493,1.0017745545553
-0.364326707452131,-0.364148201142769,0.000178506309361171,1.00225592091343
-0.252133290752763,-0.250477407406889,0.00165588334587358,1.00108656221136
-0.29608352593815,-0.293065323391019,0.00301820254713053,1.00153146661334
-0.290409339180002,-0.283015847426749,0.00739349175325327,1.00150660294057
-0.296211284836354,-0.304618783811713,-0.00840749897535931,1.00152582711127
-0.254363383717192,-0.246176536376481,0.00818684734071076,1.00113550413045
-0.273032481444273,-0.28201792992795,-0.00898544848367727,1.00134105159468
-0.185887236741817,-0.175087299244244,0.0107999374975728,1.00049996376669
-0.287995691554629,-0.303575778341062,-0.0155800867864338,1.00147678274287
-0.27714583000474,-0.26519773457218,0.0119480954325603,1.00138713180534
-0.424136142465535,-0.436187092276563,-0.0120509498110283,1.00283762521273
-0.316888936681974,-0.317288715841439,-0.000399779159465319,1.00180410530651
-0.276041126717761,-0.273716875846434,0.00232425087132704,1.00128690797686
-0.289768873434722,-0.284599116999457,0.00516975643526496,1.00147478911965
-0.284013300227541,-0.291878112692193,-0.00786481246465159,1.00142872446578
-0.248591518249974,-0.240530240445256,0.00806127780471794,1.00106591733479
-0.262935095324758,-0.27154086897496,-0.00860577365020215,1.00125663763101
-0.0858772290812193,-0.0911703785659721,-0.00529314948475273,0.999446555018591
-0.359955136001202,-0.363058521047638,-0.00310338504643548,1.0022678481057
-0.258969427091821,-0.251665162308535,0.00730426478328638,1.00116852163633
-0.239637444269818,-0.233612925594429,0.00602451867538958,1.00097574912348
-0.368850234109163,-0.346890026488597,0.0219602076205664,1.00226197058507
-0.271621240078244,-0.261318377932352,0.010302862145892,1.00127001303058
-0.131947983877999,-0.135940559841065,-0.00399257596306615,0.999954797432216
-0.337124559776925,-0.333696654077086,0.00342790569983903,1.00197223852133
-0.431429436157233,-0.429832930671486,0.00159650548574708,1.00289491535078
-0.344546080644272,-0.313823710046318,0.0307223705979546,1.00208172753792
-0.241916626302207,-0.235905078837023,0.0060115474651842,1.0009432007703
-0.293548773770436,-0.306212887226586,-0.0126641134561502,1.00155584767147
-0.330414017735645,-0.339124992963005,-0.00871097522735964,1.00189599454584
-0.225666899507598,-0.234684002785332,-0.00901710327773428,1.00084784547816
-0.332991311651374,-0.333155047099671,-0.000163735448297619,1.00194115439496
-0.440772390862676,-0.43471620479232,0.00605618607035585,1.00298154624838
-0.384159872694619,-0.386595368880032,-0.00243549618541328,1.0024243871897
-0.362878836635599,-0.366112134907771,-0.00323329827217145,1.00219078585201
-0.41142301022208,-0.410237876221913,0.00118513400016773,1.00276528455346
-0.389948531524204,-0.397301201799564,-0.00735267027535941,1.00255046820159
-0.312811702611811,-0.309709525352696,0.00310217725911488,1.00176789913655
-0.323237288331721,-0.324047533127388,-0.000810244795666437,1.00184162083423
-0.317494353205781,-0.313450341638054,0.00404401156772721,1.00181212481817
-0.222682102156317,-0.222653568874984,2.85332813328987e-05,1.00086856392654
-0.170576256204575,-0.174321197743439,-0.00374494153886462,1.00034660783355
-0.137014806526096,-0.142403057017585,-0.0053882504914885,0.999981275850975
-0.383635246896748,-0.379819528885192,0.00381571801155556,1.00245401635445
-0.298924494287075,-0.291322741102227,0.00760175318484785,1.00158395275751
-0.273854820130655,-0.264953558158074,0.00890126197258045,1.00133021732428
-0.306683907575858,-0.299032156072391,0.00765175150346692,1.00168975661446
-0.252328469966405,-0.242463981587006,0.00986448837939977,1.00116619073504
-0.233214655423699,-0.219969798978041,0.0132448564456583,1.00090110790628
-0.432789434573759,-0.434687567563634,-0.00189813298987496,1.00287886633503
-0.274963405898492,-0.277947182768917,-0.00298377687042478,1.00132998991171
-0.272527747882078,-0.274009447532971,-0.00148169965089312,1.00137487140381
-0.277407434322955,-0.260201521765571,0.0172059125573845,1.0013302065328
-0.240277919359084,-0.24822701950464,-0.00794910014555583,1.00099523049172
-0.145935112521069,-0.160176950714395,-0.0142418381933261,1.00015503473369
-0.313437182974152,-0.311754227805547,0.00168295516860523,1.00172907545746
-0.102188057340634,-0.0944132736645121,0.00777478367612233,0.999657617317201
-0.388833193606204,-0.383614597999642,0.00521859560656157,1.00247226241156
-0.313819172240566,-0.309826886371219,0.00399228586934752,1.00169597285307
-0.18960708777936,-0.176894735810966,0.0127123519683937,1.00046666173919
-0.266526360360599,-0.254069329761696,0.0124570305989033,1.00123825302257
-0.216807120943593,-0.219515540143815,-0.00270841920022274,1.00079415773856
-0.183443264181695,-0.180029329697134,0.00341393448456082,1.00040186241273
-0.122192259185936,-0.12738730021398,-0.0051950410280449,0.999833539614314
-0.338774394662725,-0.340432177624828,-0.00165778296210345,1.00192749861085
-0.268368614470381,-0.278469720149338,-0.0101011056789578,1.00124857868296
-0.320382902319267,-0.316328647677281,0.00405425464198583,1.00180976269286
-0.286319999687742,-0.282447527343426,0.00387247234431543,1.00149217727437
-0.361878268007656,-0.363132999362292,-0.00125473135463627,1.0022187130259
-0.416287914658968,-0.418797669990395,-0.00250975533142711,1.0027198225756
-0.345644226585712,-0.350536724051274,-0.00489249746556208,1.00209291876067
-0.278693167226582,-0.259578055957499,0.0191151112690835,1.00140307102429
-0.287980332928557,-0.30357301278328,-0.0155926798547225,1.0014474421844
-0.236734760539144,-0.226840950023867,0.00989381051527702,1.00094187009478
-0.256817162966692,-0.260943487471624,-0.00412632450493206,1.00121538369137
-0.305657644109673,-0.301906748904918,0.00375089520475536,1.00168703113093
-0.319276993539248,-0.299581435557168,0.0196955579820795,1.00175785957441
-0.316043255360439,-0.318816874087865,-0.00277361872742671,1.00177057120806
-0.0927309085861705,-0.0894302539689869,0.00330065461718362,0.999535707691152
-0.224605514727568,-0.22559499873866,-0.000989484011091918,1.00087649299031
-0.283402309966417,-0.283834766310012,-0.000432456343594734,1.00144540747883
-0.455177976519263,-0.447765183597224,0.00741279292203922,1.00311201232232
-0.400712599094423,-0.399711594154128,0.0010010049402957,1.00259778190561
-0.357254622921608,-0.355380317238955,0.00187430568265362,1.00217108027618
-0.180900384927204,-0.185519774393216,-0.00461938946601154,1.00043014226386
-0.235151938211055,-0.23868414651768,-0.00353220830662485,1.00088771834621
-0.141782663126935,-0.136860475960181,0.00492218716675374,1.00004240678326
-0.24055213656642,-0.238587943349012,0.00196419321740779,1.00101693223723
-0.409598619806338,-0.404297772010249,0.00530084779608925,1.00264764390653
-0.325756045803388,-0.332259182383771,-0.00650313658038271,1.00187583442467
-0.323220499116371,-0.335474169990875,-0.0122536708745041,1.00179550731107
-0.17996076413606,-0.180304480501685,-0.000343716365624996,1.00040507271367
-0.350753669474163,-0.336799258399443,0.01395441107472,1.00207782800046
-0.264134227700573,-0.267489585435118,-0.00335535773454509,1.00122251264053
-0.157089119820731,-0.153982281492764,0.00310683832796751,1.00016061935555
-0.242794823993762,-0.231208306352224,0.0115865176415376,1.00100774180746
-0.286369120826443,-0.281614039121791,0.00475508170465216,1.00148776690972
-0.135371368999198,-0.133262388760443,0.00210898023875492,0.999943113279786
-0.312122941307765,-0.324820368564846,-0.0126974272570817,1.00173170714853
-0.385507799776407,-0.384532236224418,0.000975563551989522,1.00242147192674
-0.277589374113326,-0.280095608999169,-0.00250623488584256,1.00130581988229
-0.149075637738484,-0.140015593094207,0.00906004464427665,1.0000406363587
-0.306062929168083,-0.313491608707135,-0.00742867953905113,1.00165006402414
-0.468576739123571,-0.469987350726831,-0.00141061160325928,1.00328576484725
-0.20611317871291,-0.196942417911964,0.00917076080094525,1.00062637867528
-0.148094722718442,-0.144009458342218,0.00408526437622378,1.00004126287585
-0.367131502633884,-0.365096831539499,0.0020346710943851,1.00226200610355
-0.139766147304779,-0.152177410536786,-0.0124112632320072,1.00000227063888
-0.280436835971903,-0.276039952676328,0.00439688329557469,1.00134695643085
-0.367481942724144,-0.35781725853278,0.00966468419136424,1.00228808355397
-0.334313038669752,-0.326551105132976,0.00776193353677651,1.00193679168743
-0.247220580020686,-0.241443806517049,0.00577677350363653,1.00108475442384
-0.387099754038153,-0.398611308256845,-0.0115115542186917,1.00244591800846
-0.327959684451951,-0.334003971924416,-0.0060442874724651,1.00183117652573
-0.030508884822363,-0.0348963791973154,-0.00438749437495247,0.998934346959358
-0.361322823496819,-0.366513958753108,-0.00519113525628856,1.00219266758095
-0.244372207549997,-0.245820182479932,-0.00144797492993484,1.00107594373837
-0.287150746044158,-0.281422854694747,0.00572789134941093,1.00150646083437
-0.251386531776148,-0.254376818845819,-0.00299028706967125,1.00112185957091
-0.116992055499129,-0.109068457688509,0.0079235978106203,0.99976291700041
-0.280373347420559,-0.274061243408695,0.00631210401186455,1.00137932512767
-0.208773533028751,-0.214600240826159,-0.00582670779740799,1.00062160046004
-0.298162171747418,-0.298121865730377,4.03060170416913e-05,1.00156894709842
-0.416893132997975,-0.422546729539433,-0.00565359654145775,1.00277672164828
-0.122879563619268,-0.113135665018502,0.00974389860076535,0.999807409905022
-0.301157360178113,-0.299359385136739,0.00179797504137419,1.00161940468327
-0.253231846793311,-0.245682575621934,0.00754927117137671,1.00114125033131
-0.247947045781572,-0.238022838445961,0.00992420733561103,1.00100784443661
-0.236777505296674,-0.233145117560323,0.0036323877363513,1.00096223810961
-0.200474688911283,-0.191219256136369,0.0092554327749137,1.00059844487413
-0.190851646353511,-0.177629187273696,0.0132224590798152,1.00048924175973
-0.2504529262334,-0.252319268165342,-0.0018663419319418,1.00113046378209
-0.195042060082775,-0.192485008281032,0.00255705180174293,1.00057073737241
-0.463902385788893,-0.452911810528001,0.0109905752608919,1.00322333322251
-0.314721916334302,-0.319516769677775,-0.00479485334347279,1.00170641111831
-0.273475469160863,-0.277577509172157,-0.00410204001129394,1.00130130972637
-0.238836449192374,-0.241269119143093,-0.00243266995071895,1.00102362550854
-0.323932158096171,-0.317114050650366,0.00681810744580486,1.00184969497938
-0.444434288877147,-0.443876472308087,0.000557816569060288,1.00306709443433
-0.338989679663379,-0.338868787184797,0.00012089247858238,1.00198355145251
-0.262898873103882,-0.252278168533981,0.0106207045699013,1.00115901063583
-0.321402116895057,-0.306458411044877,0.0149437058501797,1.00178245291253
-0.277039275696204,-0.278098475430904,-0.00105919973470048,1.00127669906697
-0.228970345326006,-0.23548321871557,-0.00651287338956477,1.00082364876249
-0.239532509604632,-0.242462038878999,-0.00292952927436693,1.00096909354525
-0.174625476070368,-0.170988890405993,0.00363658566437522,1.00026537791101
-0.329735307019994,-0.344747292100035,-0.0150119850800414,1.00187675599773
-0.317754893397343,-0.306944180205395,0.0108107131919479,1.00175092039848
-0.338889702200069,-0.339139659433084,-0.000249957233015075,1.00201649725351
-0.268742598843625,-0.267713850240373,0.00102874860325219,1.00127847133587
-0.368620601204286,-0.367431309680264,0.00118929152402175,1.00225823818706
-0.218156053147097,-0.213680326090271,0.00447572705682625,1.00077311415539
-0.313647633373658,-0.28717029156499,0.0264773418086675,1.00173106731427
-0.315890841935999,-0.306025358585541,0.00986548335045873,1.00174021049982
-0.369837842868759,-0.347764332502821,0.0220735103659383,1.00229215631074
-0.347988663118493,-0.343141553913082,0.00484710920541181,1.00210694462378
-0.32634843021318,-0.333355843337985,-0.00700741312480574,1.00182435189814
-0.133276478224032,-0.129046079730385,0.00423039849364712,0.999959747989761
-0.414463349138585,-0.39918901569925,0.0152743334393348,1.0027599933751
-0.165344376693615,-0.163857738552627,0.00148663814098773,1.00024830111623
-0.225042854595702,-0.218403923475945,0.00663893111975683,1.00086018090291
-0.305711177711174,-0.30271963143292,0.00299154627825365,1.00166393236335
-0.190174953477536,-0.190718660067199,-0.000543706589663379,1.00054710155924
-0.177812142483648,-0.16944451364392,0.00836762883972791,1.00041204986028
-0.267761189236319,-0.273467697137889,-0.0057065079015699,1.00126907082102
-0.283674644934567,-0.29110137958087,-0.00742673464630367,1.00143620489205
-0.308990419258574,-0.308128973234456,0.000861446024117807,1.00164361013542
-0.242558363308866,-0.257422571427595,-0.0148642081187297,1.00101030891864
-0.235295040409853,-0.239022219625453,-0.00372717921559912,1.00093483590612
-0.40705321213307,-0.398735214476926,0.00831799765614449,1.00262820987013
-0.252386211434436,-0.261102227672818,-0.0087160162383817,1.00111923743495
-0.335470601248769,-0.328205468224872,0.00726513302389653,1.00199187169832
-0.336999263246301,-0.342796581713553,-0.00579731846725257,1.00197748093512
-0.162204782392334,-0.16402125641001,-0.0018164740176764,1.00016981999462
-0.335440932012811,-0.328598699856327,0.006842232156484,1.00193233657084
-0.225315649843138,-0.216294131702342,0.00902151814079596,1.00082743680752
-0.278030341204422,-0.27797962562613,5.07155782912272e-05,1.00135060332254
-0.190448234642698,-0.189788781917331,0.000659452725367743,1.00048419438716
-0.225947443722782,-0.222074610210164,0.00387283351261844,1.00083467660176
-0.26594750961545,-0.26076655087399,0.00518095874146018,1.00125168151298
-0.259022204212823,-0.246437662479241,0.0125845417335816,1.00114626363104
-0.217865728627977,-0.225106726337843,-0.00724099770986522,1.00073993720584
-0.326188385675559,-0.325095496080458,0.00109288959510073,1.00181977184593