Ei,Ef,deltaE,weight
-0.375971796221645,-0.361995922989226,0.0139758732324192,1.0023802835061
-0.374637611310187,-0.3763697529681,-0.00173214165791297,1.00234400002538
-0.255887050863812,-0.231678626537348,0.0242084243264642,1.00113819894604
-0.188737679364986,-0.182145092795093,0.00659258656989353,1.0004701075641
-0.257228663796017,-0.263429194425114,-0.00620053062909665,1.00114908859438
-0.280441079496768,-0.294289252240079,-0.0138481727433103,1.00138010624745
-0.297658106548285,-0.296497403537515,0.00116070301076954,1.00159539571788
-0.207031686992373,-0.222497681785013,-0.0154659947926402,1.000708587458
-0.156570284214648,-0.155690132793209,0.000880151421438657,1.00014792921959
-0.319617510033238,-0.296051491985741,0.0235660180474971,1.00170936986617
-0.344180882699957,-0.333011758526604,0.011169124173353,1.00207048167371
-0.103132491877182,-0.1044693911763,-0.00133689929911796,0.999643263327464
-0.238566184766418,-0.242182080660029,-0.00361589589361103,1.00099942571507
-0.274186351491969,-0.260289445028101,0.0138969064638684,1.00134127842903
-0.337760592147251,-0.330485232263453,0.00727535988379852,1.00190954811205
-0.286020912089251,-0.28453548328723,0.00148542880202168,1.00142257823812
-0.281590296129671,-0.285217616221333,-0.00362732009166239,1.0014639629414
-0.237623921808471,-0.254671537824978,-0.0170476160165074,1.00099534289387
-0.303315871818123,-0.288066808418317,0.0152490633998063,1.00159522026991
-0.290760377881356,-0.260283721394973,0.0304766564863825,1.00149349037624
-0.250581827130233,-0.242056874547651,0.00852495258258221,1.00109184495607
-0.360480963873405,-0.343962570085704,0.0165183937877004,1.00221002776311
-0.350331308053106,-0.369693291989705,-0.0193619839365999,1.00208432428749
-0.248946643388369,-0.207978104257722,0.040968539130647,1.00106902769027
-0.339569914143729,-0.344747740736818,-0.00517782659308896,1.00202420994088
-0.37932736015269,-0.364657763807018,0.0146695963456725,1.00235425831091
-0.257258408960327,-0.24224791492735,0.0150104940329775,1.00118701892775
-0.222127819101805,-0.193940412641013,0.0281874064607916,1.00078741145438
-0.189535909640359,-0.190786964425725,-0.00125105478536539,1.00047876355371
-0.236600899985393,-0.249507474018783,-0.0129065740333904,1.00092959364208
-0.32966558661997,-0.325510783462868,0.00415480315710193,1.00184472719932
-0.371789609769984,-0.373250127300796,-0.00146051753081189,1.00233032912088
-0.472509118358892,-0.461172679447891,0.0113364389110009,1.00327148023405
-0.377737257654155,-0.360425212727214,0.0173120449269411,1.00236702529114
-0.303406065690486,-0.317309679184168,-0.0139036134936822,1.00163445872
-0.225400195433056,-0.219354760129124,0.0060454353039322,1.00086324146741
-0.270179718195789,-0.248488712435478,0.021691005760311,1.00123858687225
-0.204964564071782,-0.209281170828383,-0.0043166067566012,1.0006429111356
-0.399493254201751,-0.388468734709151,0.0110245194925996,1.00258888109218
-0.334403376817755,-0.336489802271958,-0.00208642545420323,1.00196399109536
-0.116477479994059,-0.128379282351929,-0.0119018023578693,0.999743957026369
-0.297137311415431,-0.277768814350176,0.0193684970652543,1.00156547141529
-0.421058649422686,-0.41176351828313,0.00929513113955532,1.00281874478579
-0.382705584943266,-0.378013060510562,0.00469252443270424,1.00239418041102
-0.29315492889101,-0.292250237893288,0.00090469099772128,1.00153932151154
-0.321534580596986,-0.315706684421005,0.00582789617598101,1.00181596194005
-0.362818990242837,-0.364659687327384,-0.00184069708454704,1.00225110771177
-0.289663916278011,-0.281428059297117,0.00823585698089341,1.00148222576346
-0.242516966719738,-0.248516486684407,-0.00599951996466908,1.0009926686756
-0.274715668035952,-0.271852672322691,0.00286299571326099,1.00133352817318
-0.262123671142692,-0.263975441929211,-0.00185177078651921,1.00123749760531
-0.478178079787022,-0.460739807304639,0.0174382724823826,1.00344170638294
-0.290014699024864,-0.293648420977326,-0.0036337219524612,1.00149008711507
-0.170984568517063,-0.150047326383611,0.0209372421334519,1.00031310004776
-0.340695470522035,-0.368387793314856,-0.0276923227928216,1.00194513519517
-0.390344906711194,-0.415274440408773,-0.0249295336975792,1.00249412318801
-0.176837396319318,-0.16669340249088,0.0101439938284381,1.00040208633521
-0.338600829571448,-0.347335848562349,-0.00873501899090079,1.00195195952693
-0.346902919592415,-0.329410924679513,0.0174919949129027,1.00207578771031
-0.356814344396361,-0.358851696412852,-0.0020373520164903,1.00214718634733
-0.21630715791773,-0.209013155699094,0.00729400221863585,1.00077676879961
-0.224259675774385,-0.23704565651367,-0.012785980739285,1.00087136804823
-0.327628764120294,-0.312492369440728,0.0151363946795661,1.00188268997648
-0.242882756555439,-0.262952649771892,-0.020069893216453,1.0010411839392
-0.153240257096006,-0.152733600411219,0.00050665668478761,1.00009713683211
-0.186608245478559,-0.186089546672136,0.000518698806423329,1.00043759532947
-0.176757052783759,-0.162224784211184,0.0145322685725755,1.00038505607229
-0.360268936773296,-0.367577631971929,-0.00730869519863275,1.0021918984385
-0.243040808927918,-0.244247446045049,-0.0012066371171304,1.00103607923471
-0.308053146707584,-0.281215804689191,0.0268373420183924,1.00169433475969
-0.355592866435071,-0.357824218998411,-0.00223135256333989,1.00208070879611
-0.329487076011998,-0.303084753744087,0.0264023222679104,1.00188966795701
-0.294140306854853,-0.298903154704151,-0.00476284784929781,1.00153921116594
-0.359383909556122,-0.369797799919754,-0.0104138903636313,1.00217067027847
-0.306948406132504,-0.304932418819069,0.00201598731343533,1.00168692062314
-0.252133813316431,-0.248002100603666,0.00413171271276536,1.00107555176514
-0.334029551192578,-0.315498976496512,0.0185305746960662,1.00199667533511
-0.286805906017409,-0.262251191551321,0.024554714466088,1.00143932171309
-0.320728175043348,-0.319703470667152,0.00102470437619634,1.00180155616695
-0.30909124401856,-0.296390348315271,0.0127008957032895,1.00169103583259
-0.424186143974905,-0.395322931284173,0.0288632126907319,1.00278000418209
-0.269414215555397,-0.263649372015437,0.00576484353995949,1.00128488644185
-0.317609169991525,-0.340942644131502,-0.0233334741399772,1.00177337517033
-0.295369642804054,-0.282112900253483,0.013256742550571,1.00156280352391
-0.393909019557528,-0.382386382966539,0.0115226365909895,1.00251970873738
-0.140239676314781,-0.107485822276121,0.0327538540386599,0.999955330762072
-0.221883640892472,-0.239167614424084,-0.017283973531612,1.00079956507143
-0.261112980626539,-0.270807486607805,-0.00969450598126603,1.00120353891836
-0.268821983230555,-0.247804720078101,0.0210172631524534,1.00124763743457
-0.269761771724911,-0.231223989360665,0.0385377823642456,1.00131915115576
-0.361104589916275,-0.340317138069177,0.0207874518470982,1.00218696895826
-0.243938889090148,-0.243441426821708,0.000497462268440579,1.00105266174791
-0.194515424138018,-0.216506580352623,-0.0219911562146048,1.00053931304062
-0.325016296173189,-0.316285087302966,0.00873120887022283,1.00183011576157
-0.197686187331901,-0.192108875776216,0.00557731155568497,1.0005768773755
-0.368150503648843,-0.369088684843517,-0.000938181194673149,1.002283170174
-0.305110296114833,-0.311299050733348,-0.00618875461851431,1.00167422559258
-0.407230411294516,-0.465074376598277,-0.0578439653037616,1.00259315401143
-0.273768548303046,-0.280992584728637,-0.00722403642559144,1.00133134498709
-0.17733753084355,-0.178994602584613,-0.00165707174106247,1.00028538704275
-0.25477533975846,-0.261982990918074,-0.00720765115961414,1.00114103438841
-0.285001895556797,-0.254514076369206,0.0304878191875904,1.00144359639003
-0.213152204713632,-0.195585850293406,0.0175663544202254,1.00069107482151
-0.33864212866854,-0.32872239730087,0.00991973136766999,1.00194492881314
-0.272991366253241,-0.278909579906694,-0.00591821365345246,1.00133638725131
-0.281373092060558,-0.249682286234903,0.031690805825655,1.00144093756305
-0.204231254895902,-0.19573237266306,0.00849888223284234,1.00059675706204
-0.248773337902208,-0.249209783500008,-0.000436445597800095,1.00102337439708
-0.274408811714919,-0.253874854774148,0.0205339569407711,1.00138338096894
-0.372016420181377,-0.364140629644922,0.00787579053645582,1.00234233479615
-0.252565655984175,-0.235631895798579,0.0169337601855962,1.00110564669304
-0.269211677487655,-0.253442009923772,0.0157696675638828,1.00132596855788
-0.230167990639956,-0.20658305725767,0.0235849333822852,1.00088087619825
-0.235381499048604,-0.242261318675561,-0.00687981962695772,1.0009486048261
-0.266417581483345,-0.270749575703644,-0.00433199422029962,1.00123671950751
-0.189843943566221,-0.194622340010229,-0.00477839644400863,1.00052468200813
-0.133577124778261,-0.143677762905754,-0.0101006381274931,0.999982542309922
-0.284090122213505,-0.296158408023706,-0.0120682858102013,1.00139234981752
-0.254468244492967,-0.232538463442526,0.021929781050441,1.00111608197629
-0.346793239068636,-0.337603890252894,0.00918934881574135,1.00204641802545
-0.328250758575749,-0.317217551725471,0.0110332068502778,1.00187107965867
-0.319896710367849,-0.309526833896389,0.0103698764714597,1.001762595058
-0.22656177844512,-0.214816790285274,0.0117449881598465,1.00088103514266
-0.332311175890702,-0.325333657058914,0.00697751883178854,1.00188258916581
-0.246101689356382,-0.232037326995523,0.0140643623608596,1.00108868481792
-0.216032030701759,-0.234284393828338,-0.0182523631265789,1.00075088476687
-0.189469509976343,-0.187061019326233,0.00240849065010929,1.00048577020775
-0.325590485444753,-0.315623919597171,0.00996656584758171,1.00184895397232
-0.213632084281889,-0.208667903946753,0.00496418033513599,1.00074845160949
-0.343452558336022,-0.332513608998566,0.0109389493374558,1.00204556340716
-0.38853297265016,-0.36575314974239,0.02277982290777,1.00245674072776
-0.388057192080793,-0.400095509086825,-0.0120383170060318,1.0024773598905
-0.256705809615737,-0.26277616456793,-0.00607035495219349,1.0011891864871
-0.336788468415261,-0.332147407126644,0.0046410612886178,1.00193533277987
-0.259212179464632,-0.269504773437249,-0.0102925939726167,1.00117671879751
-0.412345304790246,-0.408017546474074,0.00432775831617244,1.00273541183097
-0.195148479680925,-0.181026899596437,0.0141215800844879,1.00052559695766
-0.201321473071022,-0.20663307518341,-0.00531160211238815,1.00059082509244
-0.229524476335422,-0.215762122633734,0.0137623537016881,1.00081753793852
-0.209840351642234,-0.201472901065138,0.00836745057709587,1.00069025588599
-0.277768762724645,-0.260327551153611,0.0174412115710337,1.00133886142093
-0.33564843666402,-0.339613577244312,-0.00396514058029124,1.00196274927799
-0.202717403119081,-0.189207518469723,0.0135098846493578,1.0005782088885
-0.371310108433999,-0.371558802765695,-0.000248694331696719,1.00228684055703
-0.270356945980344,-0.289803255210975,-0.0194463092306303,1.00127972827037
-0.196439892468063,-0.195389602180884,0.00105029028717932,1.0005649283603
-0.277733481805974,-0.279305970122847,-0.00157248831687357,1.0013381173983
-0.361171167888358,-0.343781390109713,0.0173897777786446,1.00214127945445
-0.327134957770893,-0.316024774312789,0.0111101834581042,1.00181575557976
-0.31993419502467,-0.314646764889985,0.0052874301346843,1.00179802907955
-0.23846583843244,-0.245568946025482,-0.00710310759304167,1.00094879732473
-0.195496761223492,-0.191889690222492,0.00360707100100011,1.00058584346122
-0.271268250282391,-0.305052384678824,-0.0337841343964331,1.00128382432901
-0.286963298619492,-0.299017190153987,-0.0120538915344946,1.00145689382877
-0.180229957273781,-0.169215883099149,0.011014074174632,1.00038664995585
-0.265472552085619,-0.290529570088257,-0.0250570180026375,1.00122640987638
-0.234663967062224,-0.229692704728285,0.00497126233393944,1.00091611281675
-0.264370550632998,-0.250793199259923,0.0135773513730745,1.00121562111292
-0.141143978674572,-0.157936916620976,-0.0167929379464046,1.00005486394936
-0.219609353315414,-0.222668770909379,-0.00305941759396541,1.00078334021338
-0.328952868095736,-0.353547801914691,-0.0245949338189555,1.00192777323705
-0.172004137146583,-0.183322101900882,-0.0113179647542997,1.00030974309506
-0.385574616577831,-0.369580127503035,0.0159944890747958,1.00243388794087
-0.375431935232049,-0.372819710787332,0.00261222444471698,1.00231431188869
-0.377786936654529,-0.35942294289564,0.0183639937588888,1.0023920182277
-0.241797606079839,-0.211450437489046,0.0303471685907927,1.00100607856048
-0.287597011136745,-0.29827461756425,-0.010677606427505,1.00139106074937
-0.235735820209276,-0.223325241265098,0.0124105789441787,1.00094481511626
-0.267297859308459,-0.275572963197813,-0.00827510388935437,1.00124644617538
-0.344988329939153,-0.364948197947097,-0.019959868007944,1.00201989382032
-0.239939024943403,-0.225341400326873,0.0145976246165302,1.0010083338795
-0.362000495177085,-0.37521795001903,-0.0132174548419444,1.00221955059239
-0.356996314078042,-0.347733631215184,0.0092626828628577,1.00215324989531
-0.250351871882566,-0.269010472369618,-0.018658600487052,1.00111459159494
-0.292585648151476,-0.290353795748028,0.0022318524034482,1.00145935180834
-0.40478166239033,-0.397795581469596,0.00698608092073388,1.00259180692952
-0.257570758865736,-0.250679710553848,0.00689104831188803,1.00112335714043
-0.333548725589996,-0.318394446542659,0.0151542790473372,1.00185749304678
-0.22475079451193,-0.236956851194065,-0.0122060566821347,1.00086087986907
-0.236642283951112,-0.243520230471499,-0.00687794652038656,1.0009823248924
-0.328757149894887,-0.337266603266665,-0.00850945337177794,1.00189849767911
-0.199192561569727,-0.194789393600592,0.00440316796913451,1.00060268634795
-0.285262305709613,-0.295322876666734,-0.0100605709571219,1.00139669444214
-0.285659558311791,-0.27676322470781,0.00889633360398079,1.00148108826685
-0.310356575305798,-0.296508743658169,0.0138478316476289,1.00167761411548
-0.21065673869186,-0.210866793123212,-0.000210054431352108,1.00072366132291
-0.219385101585978,-0.221162524795329,-0.00177742320935098,1.00067696527136
-0.315024748948852,-0.324066015670324,-0.00904126672147254,1.00174968376903
-0.262294659475737,-0.251957680225683,0.0103369792500535,1.00118901676126
-0.260499191722993,-0.246644638006286,0.0138545537167067,1.001214687471
-0.378682949350385,-0.365045736506982,0.0136372128434024,1.00245627586332
-0.15413643009971,-0.162729104555464,-0.00859267445575398,1.00011479066441
-0.525134040025661,-0.50755394280963,0.0175800972160308,1.00387933993661
-0.308008458122707,-0.300883752516097,0.00712470560660994,1.0016424220985
-0.18199650325918,-0.173685913917051,0.00831058934212978,1.00042884471294
-0.216594829880147,-0.211600663185201,0.00499416669494618,1.00075933658758
-0.360700091076167,-0.374407469082804,-0.0137073780066369,1.00219307165224
-0.274970333905013,-0.248828415179504,0.0261419187255083,1.00136913862472
-0.30498976740692,-0.292579930328095,0.0124098370788248,1.00164405674888
-0.271328160118334,-0.275978616853619,-0.00465045673528586,1.00127115030988
-0.14294632402344,-0.151584205437085,-0.00863788141364438,1.00004721635458
-0.345935725707401,-0.346155563930543,-0.000219838223142144,1.00207616503073
-0.348696055065151,-0.340529907818402,0.0081661472467493,1.00206350045152
-0.341940758820959,-0.341854169483903,8.65893370564641e-05,1.00200115854809
-0.322415841924148,-0.330094854211093,-0.00767901228694495,1.00179359905348
-0.271954333863803,-0.263514705459809,0.00843962840399359,1.00127708019762
-0.416548013609334,-0.405755482603487,0.0107925310058466,1.00269662286274
-0.297228394057474,-0.284626182244697,0.0126022118127778,1.0015685706748
-0.263762615011887,-0.257309589547041,0.00645302546484655,1.00120792481776
-0.231505452944456,-0.244403439401897,-0.0128979864574406,1.00087916219101
-0.189970443561473,-0.172846876398078,0.017123567163395,1.00049508472804
-0.132846557507465,-0.115435557167323,0.017411000340143,0.999840936346099
-0.339272728770716,-0.338600278912329,0.000672449858387103,1.00197887932541
-0.2990071620152,-0.274040447177594,0.0249667148376063,1.00157736358402
-0.238840255051404,-0.239130861655804,-0.00029060660439989,1.00100608495025
-0.34826868105823,-0.321267773692241,0.0270009073659887,1.00204658335849
-0.315935104280839,-0.321471096981322,-0.00553599270048311,1.0017406448029
-0.32281630416422,-0.296992619952982,0.0258236842112372,1.00181733222278
-0.30575686026711,-0.304747659662052,0.0010092006050586,1.00164069284719
-0.294578395185115,-0.296986325993815,-0.00240793080870033,1.00151228404791
-0.254499174959913,-0.231105666435041,0.0233935085248711,1.00109845793029
-0.234857567577072,-0.22713671208963,0.00772085548744184,1.00091570896275
-0.321561171929185,-0.31146111051712,0.0101000614120653,1.00180984359898
-0.293618341484883,-0.290206693260942,0.00341164822394113,1.00152251889506
-0.34604990642057,-0.350881843766913,-0.0048319373463423,1.00207934673659
-0.421536086423441,-0.427501227028017,-0.00596514060457587,1.00280098172747
-0.218430359105679,-0.220978128197406,-0.00254776909172696,1.00076207752184
-0.208610755628049,-0.227621823414325,-0.0190110677862763,1.00067590931078
-0.202967437336563,-0.207896351935938,-0.00492891459937531,1.00063329591343
-0.153344835132546,-0.13937968297322,0.013965152159326,1.00010194037445
-0.306759997919316,-0.309421026759579,-0.00266102884026359,1.00162586514865
-0.235563016167499,-0.194153352275538,0.0414096638919604,1.0010192129861
-0.211206342479722,-0.209735134693106,0.00147120778661619,1.00072965286353
-0.14053874669657,-0.165326879439052,-0.0247881327424818,1.0000310483199
-0.343105732962078,-0.344024482397879,-0.000918749435800725,1.00204487611926
-0.360378940256014,-0.33954287792499,0.0208360623310236,1.00220876831277
-0.266251527731481,-0.26727502068774,-0.00102349295625914,1.00128104617707
-0.258894043495257,-0.249197693954265,0.00969634954099211,1.00112541955561
-0.407751744584819,-0.38552486693429,0.0222268776505293,1.00264347657559
-0.213291651803949,-0.223942592670139,-0.0106509408661894,1.00069325517247
-0.0430923745278683,-0.0597611471093855,-0.0166687725815172,0.99900326984082
-0.156220493241784,-0.138700513947655,0.0175199792941288,1.00016985817417
-0.157603622097132,-0.148477169244389,0.00912645285274283,1.00012618244112
-0.147900950181587,-0.134977374398491,0.0129235757830968,1.00003667863194
-0.392902252445045,-0.386695685509999,0.00620656693504579,1.00249187860431
-0.404556552474894,-0.420835031530139,-0.016278479055244,1.00265949669743
-0.200470864816403,-0.180419913187867,0.0200509516285365,1.00057437224062
-0.357790131725869,-0.358027247209557,-0.000237115483688322,1.00215079309099
-0.237706433643248,-0.231919634566333,0.00578679907691587,1.00098596074023
-0.352434038685267,-0.334720863718474,0.0177131749667931,1.00214336340553
-0.188064954661206,-0.187319764544107,0.000745190117098615,1.00053580189138
-0.256653260347762,-0.253249542176086,0.00340371817167534,1.00119745306006
-0.247219869797628,-0.253049897505647,-0.00583002770801908,1.00102132907458
-0.426055587139927,-0.429402863415389,-0.00334727627546161,1.00286130667524
-0.237205087490202,-0.235956674015836,0.00124841347436619,1.00097560793664
-0.145608820808039,-0.161705565946843,-0.0160967451388038,1.00007042224899
-0.388320155052746,-0.390641391731763,-0.00232123667901712,1.00251791907947
-0.307755678632554,-0.289873869458586,0.0178818091739684,1.00168678282975
-0.182133838723796,-0.190482542273302,-0.00834870354950668,1.00039655022484
-0.322370002510963,-0.312536308096,0.00983369441496351,1.00185923492077
-0.181293372401412,-0.180859757805795,0.000433614595616832,1.00041829785435
-0.211302995718765,-0.208040906823484,0.00326208889528026,1.00066404361548
-0.145911777802689,-0.162748637715646,-0.0168368599129576,1.00002377514835
-0.275627998798608,-0.281998108938312,-0.00637011013970418,1.00132707001889
-0.361327377638765,-0.338946448914087,0.0223809287246776,1.00225442327279
-0.237945018651625,-0.255442342530308,-0.0174973238786823,1.00093355308777
-0.320935214250267,-0.31800830299483,0.00292691125543654,1.00177700493417
-0.321189732486136,-0.350403135748381,-0.0292134032622446,1.00179791934363
-0.26635195160048,-0.2568626201629,0.00948933143758046,1.00127100001429
-0.204993724095121,-0.195787123681804,0.00920660041331745,1.00064109941814
-0.293868195563198,-0.324514503709456,-0.0306463081462579,1.00149626337445
-0.196187518899472,-0.193453886937606,0.00273363196186593,1.00059450820067
-0.246660987047173,-0.259089729438552,-0.0124287423913786,1.00106154119624
-0.255651395777204,-0.257609142785745,-0.00195774700854157,1.00112546607298
-0.35450784432837,-0.346676017727026,0.00783182660134452,1.00212438295078
-0.342371052044343,-0.332426358364745,0.00994469367959827,1.00201638155173
-0.316088539177396,-0.334588988008781,-0.0185004488313855,1.00176495578619
-0.286969443308543,-0.316830227590648,-0.029860784282105,1.00149862051397
-0.306261455010522,-0.318184700219039,-0.0119232452085172,1.00160433943347
-0.258200804924726,-0.236348019368527,0.0218527855561988,1.00122002446645
-0.2588760869203,-0.267717478349212,-0.00884139142891194,1.00117882993185
-0.382030713536279,-0.371373138919982,0.0106575746162972,1.00248190149071
-0.176433866515858,-0.165923035615145,0.0105108309007134,1.00036639390361
-0.3672699807056,-0.354280109224127,0.0129898714814736,1.00220898265422
-0.244026744400442,-0.264344397387585,-0.0203176529871429,1.00103281468518
-0.253138390659514,-0.252284576888054,0.000853813771459988,1.00113873344649
-0.224319747506936,-0.199453560413556,0.0248661870933798,1.00080835081663
-0.105795178784767,-0.119075460757494,-0.0132802819727264,0.999633183865404
-0.355318809911711,-0.356389983188336,-0.00107117327662432,1.00212191782516
-0.418548309908989,-0.413727614584281,0.00482069532470714,1.00277599356733
-0.302709956974547,-0.30262371186542,8.62451091271921e-05,1.00162502015271
-0.273127989213468,-0.259930272045386,0.0131977171680821,1.00133694192483
-0.273947296253018,-0.261495476654605,0.0124518195984124,1.00132184920836
-0.443449469217822,-0.452235527401555,-0.00878605818373335,1.00299307425773
-0.309714933584606,-0.293296479233412,0.0164184543511942,1.00171350665612
-0.422662720573286,-0.412459210232684,0.0102035103406023,1.00278058511581
-0.321442039028513,-0.319032625522479,0.00240941350603407,1.00180361384097
-0.240016833894291,-0.236600203489858,0.00341663040443216,1.00105950815937
-0.131150594499347,-0.122961528187962,0.00818906631138484,0.999922998215388
-0.2569260354283,-0.251794602405414,0.00513143302288543,1.00111317955649
-0.443946073310508,-0.441722667579066,0.00222340573144225,1.00302831187676
-0.312531922450203,-0.311756250924339,0.000775671525863553,1.00168904216443
-0.292828926690267,-0.291194006097709,0.00163492059255754,1.0015462504359
-0.348242549418967,-0.340638725465326,0.00760382395364084,1.00202082671268
-0.421335640231772,-0.403892366402937,0.0174432738288344,1.00280114102088
-0.30082435023588,-0.287832348504813,0.0129920017310665,1.00158462082157
-0.392710921752315,-0.37458177825781,0.0181291434945042,1.00253678383454
-0.290877702225105,-0.288390147388251,0.00248755483685342,1.00153594620472
-0.231309441394363,-0.238712533045884,-0.00740309165152181,1.00098587551247
-0.320781671096748,-0.317510192342382,0.00327147875436629,1.00178556665579
-0.336723805363504,-0.332529777431951,0.00419402793155271,1.00193781954735
-0.296470281255568,-0.280621216670161,0.0158490645854071,1.00149158236688
-0.332124532565108,-0.341293525810661,-0.00916899324555259,1.00193873631501
-0.182472041809434,-0.177414037477805,0.00505800433162856,1.00040711774742
-0.175265452049,-0.172747698796197,0.00251775325280357,1.00033247283951
-0.314865657835155,-0.297360129398898,0.0175055284362572,1.00174479049983
-0.387353616264891,-0.363490244634043,0.0238633716308478,1.002486065837
-0.164621781603838,-0.18267713094681,-0.0180553493429719,1.00024390716579
-0.219910964345162,-0.215627456488332,0.00428350785683013,1.00075643147109
-0.190682238549441,-0.188799970162147,0.00188226838729413,1.00050766917877
-0.197956627349092,-0.20337297634642,-0.0054163489973276,1.00057596237544
-0.31141176528057,-0.305927150458673,0.00548461482189749,1.00171700622014
-0.138897822998553,-0.128590813045016,0.0103070099535371,1.00001489219687
-0.20953217891376,-0.212061426600922,-0.00252924768716159,1.00065457240141
-0.255000956794996,-0.248830869279182,0.00617008751581383,1.0011253152685
-0.369601804645842,-0.350744940032985,0.0188568646128574,1.00227713492971
-0.32632087506786,-0.340923968721967,-0.0146030936541069,1.0018769465287
-0.260374872204502,-0.253638147774259,0.00673672443024292,1.00123225580787
-0.346570415705459,-0.357221358825112,-0.0106509431196521,1.00206453094823
-0.195762339901884,-0.206571408466994,-0.0108090685651107,1.00053506449661
-0.231405747408513,-0.227076395358584,0.00432935204992932,1.00089952459182
-0.155062269945612,-0.151713277476063,0.00334899246954928,1.00018404891287
-0.370987146881635,-0.357113563916986,0.0138735829646494,1.00229759511592
-0.395452592889314,-0.394483083120527,0.000969509768786181,1.00251942505339
-0.40376312897083,-0.406147107854081,-0.00238397888325137,1.00255986086348
-0.206715619579384,-0.214654715735191,-0.0079390961558064,1.00065508485593
-0.368017753788125,-0.363631050059141,0.00438670372898387,1.00226937098704
-0.257804012193414,-0.275589517545607,-0.0177855053521931,1.00121015636074
-0.172112496650974,-0.160503413279041,0.0116090833719326,1.00027434749752
-0.274289858979713,-0.270111944802055,0.004177914177658,1.0013116170194
-0.213550820179848,-0.201290135004954,0.0122606851748947,1.00069921764599
-0.53794890480422,-0.536838618908469,0.00111028589575135,1.00396161580111
-0.286242199553537,-0.301857472697493,-0.0156152731439567,1.00146118598478
-0.32732962712125,-0.333649800934754,-0.00632017381350408,1.00186181099132
-0.401264678532245,-0.415235052255797,-0.0139703737235523,1.00257565094529
-0.122463858877241,-0.104529487126943,0.0179343717502975,0.99979901563929
-0.282513167825792,-0.27602904880867,0.00648411901712248,1.00135693982168
-0.283994439721577,-0.313940339333919,-0.0299458996123423,1.00141725765703
-0.109165861482402,-0.113592793617365,-0.00442693213496258,0.999629344806488
-0.339105797759196,-0.334787308686395,0.00431848907280125,1.00203830420777
-0.196388456704675,-0.211615624185822,-0.0152271674811474,1.00051705606641
-0.42004092122775,-0.380110267179559,0.0399306540481906,1.00275376014682
-0.456360645855257,-0.462467945619572,-0.00610729976431484,1.00318016250805
-0.365379325458336,-0.35509107290821,0.0102882525501259,1.00221035886895
-0.293575806904286,-0.294027389014724,-0.000451582110437665,1.0015318634139
-0.30191510002951,-0.329488066255075,-0.0275729662255646,1.00165137280638
-0.416613161174196,-0.403545587515895,0.013067573658301,1.00273779399224
-0.241334875250968,-0.254187920155289,-0.0128530449043212,1.00096387551837
-0.357866746819371,-0.352048490348743,0.00581825647062795,1.00216787641183
-0.276304095658526,-0.268557525303721,0.00774657035480492,1.00139661042157
-0.27665928169532,-0.271328339950745,0.00533094174457477,1.00132097183968
-0.234794616187277,-0.249132016442822,-0.0143374002555446,1.00100322962513
-0.248688896729411,-0.241051444184302,0.00763745254510945,1.00110417608087
-0.105249151587961,-0.12869045424138,-0.0234413026534185,0.999643554335326
-0.307343917339276,-0.31125300675473,-0.00390908941545431,1.00165163607221
-0.349364201436668,-0.344562472915996,0.00480172852067201,1.00208809764552
-0.310074374219622,-0.278285538303964,0.0317888359156583,1.00170883525133
-0.428022607568222,-0.426358849879138,0.00166375768908322,1.00289998741473
-0.156450419760788,-0.160417942185747,-0.00396752242495943,1.00009145283434
-0.301864306028838,-0.302774039830495,-0.00090973380165682,1.0016067243971
-0.316458357968021,-0.308236081253043,0.00822227671497811,1.00174981078739
-0.169377197548595,-0.146276796511251,0.0231004010373442,1.0003925533375
-0.372419502533736,-0.359557287967194,0.0128622145665415,1.00226658204011
-0.242754136291574,-0.238028231775057,0.00472590451651742,1.0009527901794
-0.193492872880709,-0.198131178621172,-0.00463830574046373,1.0005990296755
-0.376263843354408,-0.388476098061919,-0.0122122547075105,1.00232146219015
-0.339200628354769,-0.35021879651976,-0.0110181681649911,1.00198509687608
-0.317525183183658,-0.323032705851871,-0.00550752266821214,1.00178300584617
-0.17050138665208,-0.174731870383712,-0.00423048373163229,1.0003005838428
-0.347312419705256,-0.359611270454921,-0.012298850749665,1.00209611639319
-0.22861206074952,-0.208800792168283,0.0198112685812365,1.0008931007323
-0.119147111882577,-0.113041599057665,0.00610551282491237,0.99977552935767
-0.361053622940574,-0.374317386136146,-0.0132637631955722,1.00224308473127
-0.298370305633861,-0.296166710270689,0.00220359536317205,1.00157357866771
-0.247731114485508,-0.23670083240127,0.0110302820842382,1.00109158877258
-0.422411117272033,-0.431951802148849,-0.00954068487681592,1.00282676957484
-0.221587254415708,-0.223858338616036,-0.00227108420032815,1.0008313268406
-0.175314332862317,-0.187497912854053,-0.0121835799917356,1.0003721503736
-0.17485050873509,-0.166216595404355,0.00863391333073488,1.00032655096137
-0.286204610266895,-0.267467859071191,0.018736751195704,1.00148158271693
-0.299252102276158,-0.294409073838428,0.00484302843773005,1.00155842699591
-0.315215621751234,-0.311861896579064,0.00335372517216959,1.00173280668621
-0.259607247685701,-0.238778004155971,0.02082924352973,1.00120028394775
-0.292198808461307,-0.304382656947995,-0.0121838484866882,1.00153254856311
-0.273997934270639,-0.27744732960278,-0.00344939533214106,1.00134274168521
-0.362917846063696,-0.34643485778894,0.0164829882747565,1.00222069089136
-0.0820143056887263,-0.0861879259176254,-0.00417362022889915,0.999398321563534
-0.218142688379357,-0.201041847094974,0.0171008412843835,1.0007395474569
-0.348269539964891,-0.325522997612423,0.0227465423524681,1.00209395381084
-0.215512340398135,-0.201769391718787,0.0137429486793478,1.00077672956768
-0.38270583902519,-0.378183680734527,0.00452215829066333,1.00237957670374
-0.151199024115988,-0.160055381747492,-0.00885635763150378,1.00013247737557
-0.292230930677964,-0.303373964602161,-0.011143033924197,1.0015378622586
-0.406184772341353,-0.397682094109942,0.00850267823141015,1.00263071894216
-0.224299537068719,-0.22727608127488,-0.00297654420616142,1.00085092290999
-0.440237835831545,-0.442095308834957,-0.00185747300341133,1.00297836526487
-0.215309272702193,-0.228914120843326,-0.013604848141133,1.0007713112399
-0.120012213766783,-0.125017379678413,-0.00500516591163035,0.999807341386937
-0.42193624901402,-0.424094667972134,-0.00215841895811342,1.00281061084222
-0.185023731629997,-0.206976329456283,-0.021952597826286,1.00042691544467
-0.287299506707966,-0.27004254939129,0.0172569573166758,1.00149428353807
-0.372207368928126,-0.348981050357149,0.0232263185709771,1.00231050630538
-0.425887703313278,-0.398567679557449,0.0273200237558288,1.00283551079164
-0.302917530101284,-0.290262339433287,0.0126551906679975,1.00163305794754
-0.373930126367995,-0.361537452901822,0.0123926734661725,1.0023402738244
-0.323797997028758,-0.331225716248262,-0.0074277192195038,1.00182709976929
-0.0686286618459158,-0.0487508315395665,0.0198778303063493,0.999307463683495
-0.409981781070048,-0.425504869756058,-0.0155230886860104,1.00266053777845
-0.28491226512931,-0.283006073368304,0.00190619176100537,1.00142828292173
-0.231295172219129,-0.219509885319169,0.01178528689996,1.00091048192868
-0.275108218489154,-0.2886935476598,-0.0135853291706463,1.00131187171169
-0.257073463889669,-0.251379957239181,0.00569350665048801,1.00115346229132
-0.323740773820748,-0.32942171566246,-0.00568094184171158,1.00181609615745
-0.283028925161093,-0.316434679887021,-0.0334057547259283,1.0014323483258
-0.218003044040946,-0.207468114141331,0.0105349298996147,1.00075616572889
-0.33338104311867,-0.353103087856501,-0.0197220447378311,1.00195261328171
-0.273800089992858,-0.266512648430619,0.00728744156223893,1.00133337940683
-0.461178643471635,-0.441117082718549,0.020061560753086,1.00322530865869
-0.261684757471374,-0.259038756208517,0.00264600126285719,1.00121226452249
-0.406735070636065,-0.378124232987601,0.0286108376484634,1.0026689650251
-0.416521961731507,-0.432036235994332,-0.0155142742628252,1.00273278397043
-0.298217843260078,-0.28785868258828,0.0103591606717978,1.00157860433253
-0.418916236965992,-0.422882664941196,-0.0039664279752038,1.00274022340752
-0.168838076435092,-0.175135398431103,-0.00629732199601091,1.00026438441177
-0.424920608370466,-0.410665184946349,0.0142554234241172,1.0028390235214
-0.135141551517774,-0.126326764884488,0.00881478663328528,0.999931602613293
-0.278427164554638,-0.278082272893399,0.000344891661239022,1.0013680181239
-0.248634231263695,-0.255427829456818,-0.00679359819312303,1.00107936039558
-0.416668557087194,-0.418081441034405,-0.00141288394721095,1.00274485682133
-0.3455360139038,-0.353498847315522,-0.00796283341172271,1.00203727070401
-0.274834848433812,-0.271677880608927,0.00315696782488567,1.00130008930794
-0.326976290231353,-0.325201081617064,0.00177520861428909,1.0018010556122
-0.170685158946372,-0.19339771834685,-0.0227125594004778,1.00027608529858
-0.284877277015297,-0.273669384398383,0.0112078926169145,1.00143678986345
-0.313875190248958,-0.297056247457226,0.0168189427917325,1.00174468807128
-0.264615703394125,-0.270990664825871,-0.00637496143174676,1.00126980175956
-0.127018388123552,-0.142084048732736,-0.0150656606091846,0.999867374373579
-0.227478790382885,-0.199261434727357,0.0282173556555279,1.0008848875848
-0.360254168166768,-0.353593586120085,0.00666058204668313,1.00223911751485
-0.292874384996808,-0.278946417955158,0.0139279670416501,1.00151096790993
-0.254073132108348,-0.26166221930586,-0.0075890871975125,1.0010821937946
-0.349450451599375,-0.334596759697267,0.0148536919021083,1.00208436610769
-0.491393873787435,-0.486236155796606,0.00515771799082948,1.00349787349955
-0.221715627933781,-0.207436130510938,0.0142794974228428,1.00081218272185
-0.274697798346636,-0.260479274934494,0.0142185234121416,1.00135046215901
-0.217966879050442,-0.217106451201337,0.000860427849104839,1.00081142492904
-0.268515935316484,-0.265032203564255,0.0034837317522281,1.00129876170969
-0.21179550082391,-0.218528673513569,-0.00673317268965862,1.00070626744713
-0.117536975773695,-0.133445218892522,-0.0159082431188272,0.999758726767257
-0.315776832051134,-0.31397523938013,0.00180159267100327,1.00178693502803
-0.282316028352158,-0.290168652996649,-0.00785262464449099,1.00140483729846
-0.270859305995818,-0.258031234290634,0.0128280717051843,1.00131112004957
-0.235474198242311,-0.223017308684148,0.0124568895581627,1.00095647751642
-0.365593262423135,-0.372606289545627,-0.00701302712249174,1.00219659243761
-0.325447274055525,-0.307987162363457,0.0174601116920682,1.00186195240825
-0.271639997904351,-0.266464150222265,0.00517584768208579,1.00125307987629
-0.27039878327153,-0.28191855135869,-0.0115197680871604,1.00131538045288
-0.202953029614645,-0.212303553543756,-0.00935052392911084,1.00062206160311
-0.37512024589366,-0.335178998398052,0.0399412474956072,1.00233980242275
-0.24611856257209,-0.239944577945256,0.00617398462683377,1.00103390017041
-0.157262584300904,-0.169159807953733,-0.0118972236528287,1.0001770816993
-0.212939452563044,-0.234738078399166,-0.0217986258361217,1.00071032413966
-0.330309947758096,-0.321462413924999,0.00884753383309655,1.00191406415833
-0.0239573676404806,-0.0306202937157835,-0.0066629260753029,0.998881014086834
-0.404198674523505,-0.388609048981794,0.0155896255417109,1.00261558655457
-0.234380684314878,-0.249121257024646,-0.0147405727097678,1.00091382178625
-0.36284078839265,-0.378888702665298,-0.0160479142726478,1.00220136579014
-0.197138591987867,-0.186495631736453,0.0106429602514136,1.00051776015029
-0.32131005793233,-0.314982308957581,0.00632774897474953,1.00181670239744
-0.252786906487203,-0.254460865379315,-0.00167395889211192,1.00109266463459
-0.213244085076027,-0.204851689980332,0.0083923950956952,1.00070129004392
-0.218863359244542,-0.244689577523668,-0.0258262182791254,1.00079601464353
-0.272035772788216,-0.282950096332245,-0.0109143235440282,1.00126670857369
-0.14600789102145,-0.148093610083499,-0.00208571906204949,0.999981305056193
-0.143521188593506,-0.114991599758577,0.0285295888349291,0.999979447129004
-0.273931585036214,-0.244111305226228,0.0298202798099859,1.00127719780075
-0.111787930410891,-0.125090251929234,-0.0133023215183434,0.99969975724453
-0.35138675502486,-0.368828655100648,-0.0174419000757882,1.00211599647763
-0.253293386861539,-0.256760442848941,-0.00346705598740138,1.00112857081534
-0.19346412430406,-0.170334027132259,0.0231300971718005,1.00049574995488
-0.109494985253819,-0.0756319655762731,0.0338630196775464,0.999707487323799
-0.256626118022201,-0.262847610250786,-0.00622149222858481,1.00112353893673
-0.237228431257275,-0.237526948380184,-0.000298517122908071,1.00098281736869
-0.267592802106891,-0.265691536402513,0.0019012657043776,1.00123441773837
-0.275553791954911,-0.287657933277771,-0.0121041413228603,1.00138613793406
-0.347340625269145,-0.317174547782714,0.0301660774864312,1.00208130796051
-0.241611735534231,-0.239393890159324,0.00221784537490727,1.00101656921753
-0.244444206726499,-0.239162200236903,0.00528200648959579,1.00100730315905
-0.151057392682568,-0.126345500421731,0.0247118922608374,1.00013326442991
-0.403642223249544,-0.406364916331966,-0.00272269308242162,1.00255614094745
-0.306973338283727,-0.277854046559553,0.0291192917241739,1.00165608580845
-0.288050765141017,-0.282240837154296,0.00580992798672153,1.00152036357762
-0.226083084574997,-0.226287198900015,-0.000204114325018295,1.00084783771732
-0.375759606100395,-0.373616005419299,0.00214360068109642,1.00234409837447
-0.372578712154003,-0.378617886839618,-0.00603917468561538,1.0023264963845
-0.232007828406303,-0.233009424297353,-0.00100159589105014,1.00090821603788
-0.359068107578203,-0.364655103575032,-0.00558699599682932,1.0021482402572
-0.256650462052586,-0.233943697876484,0.0227067641761015,1.00118508918995
-0.418770360416514,-0.429755391790095,-0.0109850313735808,1.00275427302982
-0.229497341880737,-0.22641883837046,0.00307850351027669,1.00088854235103
-0.38414806909241,-0.388259998956278,-0.0041119298638681,1.002434828508
-0.339483703705513,-0.321974736438726,0.0175089672667872,1.00197775316605
-0.282202454000162,-0.261331395244555,0.0208710587556075,1.00139459605292
-0.22219247980598,-0.197928522723248,0.024263957082732,1.00085975161498
-0.260461301105328,-0.261228786719515,-0.000767485614187435,1.00119630402389
-0.319157439830899,-0.291582634001444,0.0275748058294545,1.00174217742679
-0.240465373563655,-0.227100149772343,0.0133652237913117,1.00100985485531
-0.241845104346941,-0.231995018154537,0.00985008619240399,1.00107959738022
-0.29591485419425,-0.299809395178292,-0.00389454098404174,1.00156710643254
-0.268447623704088,-0.271730436811239,-0.00328281310715139,1.0013095336216
-0.367241081089288,-0.382432985135585,-0.0151919040462977,1.00223065609221
-0.246767583689671,-0.242619221712136,0.00414836197753504,1.00107917032744
-0.237683916873142,-0.237258897183447,0.000425019689695327,1.00092302927833
-0.46107550015927,-0.460284206023173,0.000791294136097853,1.00321786612224
-0.165200683878147,-0.164515557849323,0.000685126028823646,1.0002357944785
-0.263186999176639,-0.240461684689702,0.0227253144869378,1.00122618551834
-0.441900893469727,-0.437037941195022,0.00486295227470507,1.00297817930607
-0.213428271596552,-0.223333954974235,-0.00990568337768341,1.00074860506838
-0.249218382102285,-0.250690779375605,-0.00147239727331983,1.00108942453157
-0.391055547960448,-0.392068466747007,-0.00101291878655918,1.0024835762824
-0.266922945347999,-0.246732469795074,0.0201904755529253,1.00125165789667
-0.16478328671936,-0.153789421947908,0.0109938647714522,1.00019815448531
-0.237646122844805,-0.21891787285075,0.0187282499940546,1.0009010329936
-0.34725524428121,-0.325712301034123,0.021542943247087,1.00205278617064
-0.214251352196235,-0.193358567343996,0.0208927848522385,1.00073124122765
-0.310083073137976,-0.32200287400379,-0.0119198008658134,1.00174472978097
-0.353898168627654,-0.361549246869951,-0.00765107824229672,1.00209810209763
-0.204822296078556,-0.22417205377936,-0.0193497577008037,1.00061495484536
-0.300690617379932,-0.305313895085611,-0.00462327770567844,1.00162325173762
-0.317224903469152,-0.307399480267934,0.00982542320121743,1.00174304991996
-0.308809170190666,-0.309721512462091,-0.000912342271425226,1.00165304711427
-0.357896290589613,-0.346419949014102,0.0114763415755104,1.00211114114438
-0.13335462885825,-0.133498706578429,-0.000144077720179381,0.999875731613497
-0.124670407451667,-0.105566252459646,0.0191041549920213,0.99978854443054
-0.346965765142737,-0.320417881630179,0.0265478835125583,1.00203767064479
-0.333628434914356,-0.332689653964139,0.000938780950217044,1.00192246893926
-0.256902138435205,-0.25066478876468,0.00623734967052553,1.00115885840952
-0.34547625862568,-0.359523513309629,-0.0140472546839489,1.0020749437674
-0.208835868432088,-0.222287608916162,-0.0134517404840747,1.00068327804516
-0.23097794824613,-0.207584456999776,0.0233934912463531,1.00093415209587
-0.26084623208815,-0.239347180234635,0.0214990518535147,1.00125468644895
-0.202240153646081,-0.202043651778665,0.000196501867415849,1.000603943992
-0.27422332123705,-0.271417993559272,0.00280532767777791,1.00136251770155
-0.257529884589815,-0.25676976818202,0.000760116407794331,1.00117807950318
-0.361133055147898,-0.326918037842042,0.0342150173058562,1.00221292129457
-0.277447261325662,-0.265855960062915,0.0115913012627477,1.00138807343576
-0.146712145232901,-0.112592376377872,0.0341197688550284,1.00007605782541
-0.19684070223092,-0.185101806928165,0.0117388953027542,1.00054044567631
-0.409274098097356,-0.416798549226027,-0.00752445112867056,1.0027098771474
-0.239998624954872,-0.243385444206465,-0.00338681925159298,1.00103505906269
-0.247695695386862,-0.244605289291463,0.00309040609539907,1.00104347494843
-0.260065928815013,-0.230149277731757,0.0299166510832561,1.00122797746938
-0.38614930248323,-0.377908883005882,0.00824041947734783,1.00251724904267
-0.393955455473936,-0.381187192840962,0.0127682626329746,1.00252475598001
-0.319812960492347,-0.336895129048328,-0.0170821685559812,1.00179165923563
-0.366157200243502,-0.349977951885442,0.0161792483580601,1.00229988893642
-0.154753113122124,-0.153792316936757,0.00096079618536743,1.00014530562501
-0.305549280143125,-0.273833957729505,0.03171532241362,1.00163274767248
-0.249815265536928,-0.229513172934875,0.0203020926020535,1.00107167585765
-0.452131075596798,-0.444194573918695,0.00793650167810317,1.003143824625
-0.244069990567483,-0.248948816766086,-0.00487882619860228,1.00107245669864
-0.310441516823405,-0.319628521218342,-0.00918700439493753,1.00174631533114
-0.361160118426501,-0.369557684850992,-0.00839756642449135,1.00220227687859
-0.204412905267962,-0.187181543639728,0.0172313616282349,1.00064727222192
-0.309549513970159,-0.326696604296971,-0.0171470903268115,1.00167422926223
-0.405707559087407,-0.403014532363508,0.00269302672389848,1.00259541208006
-0.266398115297562,-0.252322335264609,0.0140757800329529,1.00128128008445
-0.336263903061921,-0.340185209887378,-0.00392130682545772,1.00190096549861
-0.330079587117046,-0.315877362612644,0.0142022245044025,1.00190361195157
-0.363323857908629,-0.364089190220165,-0.000765332311535971,1.00218495201569
-0.411782487711615,-0.409031241366816,0.00275124634479867,1.00265822050084
-0.27265486809256,-0.274528603125714,-0.0018737350331538,1.00130685622773
-0.300042905403898,-0.305916524725318,-0.00587361932141989,1.00163003871871
-0.277402777642755,-0.282215224749474,-0.00481244710671841,1.00135276711422
-0.141708163772612,-0.122294379917425,0.019413783855187,1.00003817612149
-0.244638703727887,-0.241339026889499,0.00329967683838778,1.00106817848714
-0.208214061261959,-0.179388750537561,0.028825310724398,1.0006487592629
-0.108729967332172,-0.105061092378407,0.00366887495376432,0.99967576735884
-0.355550435514541,-0.352157305287719,0.00339313022682108,1.0021350762476
-0.283008354684019,-0.283920551546206,-0.000912196862187353,1.00147119581146
-0.185837250046137,-0.171059762474429,0.0147774875717081,1.0004634753743
-0.319482643733516,-0.298542683544922,0.0209399601885941,1.00177206698608
-0.208133592512861,-0.190162322201929,0.0179712703109317,1.00071918819415
-0.192636423377077,-0.202798030409617,-0.0101616070325404,1.00054076107613
-0.425630251677392,-0.421960153202822,0.00367009847457017,1.00278708912219
-0.198063338762208,-0.202044204845735,-0.00398086608352755,1.00058925023464
-0.400843758570093,-0.39318276489486,0.00766099367523304,1.00259806549888
-0.458644746105822,-0.445340755509591,0.0133039905962314,1.00319897885392
-0.320153608119812,-0.331755243433326,-0.0116016353135139,1.00180043775701
-0.204337809762004,-0.197954550722211,0.00638325903979273,1.00059598836256
-0.295460924031556,-0.285242967609508,0.0102179564220479,1.00159545694569
-0.182327921116111,-0.180761579941263,0.00156634117484766,1.00046079814413
-0.295680009338231,-0.292081426022693,0.00359858331553742,1.00156638915988
-0.275806878002305,-0.263771912103718,0.0120349658985878,1.00136815901021
-0.231451424571192,-0.216183303293043,0.0152681212781493,1.00092555195255
-0.362238451392675,-0.362594847799624,-0.000356396406948956,1.00222295336625
-0.411458410514243,-0.402670771117809,0.0087876393964339,1.00274484431393
-0.138269696697843,-0.132554737783043,0.00571495891480012,0.999924165796229
-0.345109601411711,-0.316098353103824,0.0290112483078867,1.00200305144906
-0.170786359320153,-0.163664056008498,0.00712230331165498,1.00029623620932
-0.238067375548606,-0.249160963630589,-0.0110935880819827,1.0010420740957
-0.209019141809403,-0.20624521200996,0.00277392979944274,1.00068753416988
-0.327909377519171,-0.313567502825503,0.0143418746936673,1.00187885695214
-0.221765413476876,-0.20655809143518,0.0152073220416958,1.00080336513046
-0.231478878072852,-0.190504058850784,0.0409748192220682,1.00092001021133
-0.24493597838462,-0.24541431589777,-0.000478337513150129,1.00097925275903
-0.211899072272615,-0.202983082188229,0.00891599008438548,1.00070686683443
-0.347750917806833,-0.327360419539782,0.0203904982670502,1.00203430121917
-0.320972831553948,-0.306880080682928,0.0140927508710209,1.00185169985842
-0.283555739828046,-0.268984976932956,0.0145707628950908,1.00143270947295
-0.250429964982878,-0.253120712566479,-0.00269074758360105,1.0010720353632
-0.107853013442997,-0.105773817115277,0.00207919632771922,0.999660725098906
-0.181988962006782,-0.171095415882439,0.0108935461243423,1.0004325079351
-0.357886777012399,-0.333274165240395,0.0246126117720043,1.00209362513354
-0.162129694551443,-0.166753712814971,-0.0046240182635286,1.00021017724609
-0.237396766573722,-0.202417243089053,0.0349795234846698,1.00096946092636
-0.488318212146745,-0.461631005211498,0.0266872069352473,1.00345545824881
-0.445493336204945,-0.42638097037014,0.0191123658348047,1.00306760548963
-0.16088562491246,-0.144076920513843,0.0168087043986167,1.00025737097189
-0.251749922466083,-0.264736054382905,-0.0129861319168215,1.00111888041039
-0.450331146436241,-0.441392177706184,0.00893896873005678,1.00307015680276
-0.191327625618054,-0.185604831691977,0.00572279392607647,1.00050838407011
-0.255370568934078,-0.260363702706443,-0.0049931337723651,1.00109470391894
-0.396730693933009,-0.375975526532657,0.0207551674003522,1.00256823393236
-0.441938909556454,-0.431384860967129,0.0105540485893254,1.00298168481163
-0.392456188000113,-0.356171847944042,0.0362843400560713,1.00253360638782
-0.246326021832042,-0.252354931620294,-0.00602890978825171,1.00103417057331
-0.167078280748425,-0.150698984616338,0.0163792961320876,1.0002200992703
-0.276136737618682,-0.278572814705406,-0.00243607708672389,1.0012931847581
-0.425610214393143,-0.42399841129779,0.00161180309535275,1.00284639058951
-0.317130218459102,-0.325096528990767,-0.00796631053166491,1.00177012920564
-0.304469304677287,-0.305483267952509,-0.00101396327522163,1.00169769294067
-0.257328417203083,-0.253130895387679,0.00419752181540339,1.00119234059145
-0.240194432884899,-0.230270201887158,0.00992423099774073,1.00101027799311
-0.176358838066012,-0.196754962035316,-0.0203961239693041,1.00037417519309
-0.355924011041938,-0.356450147516335,-0.000526136474397421,1.00215023873861
-0.191285394893483,-0.199977721585401,-0.00869232669191897,1.00052288454215
-0.260481080930218,-0.254220479354153,0.00626060157606428,1.0011399510579
-0.307249842909062,-0.299170475041312,0.00807936786774993,1.00166590132507
-0.294330488281116,-0.268595036078729,0.0257354522023869,1.00158199905047
-0.293482722240823,-0.316131220817811,-0.0226484985769875,1.00148527607034
-0.221703547453539,-0.230525420282236,-0.00882187282869726,1.00078408035709
-0.290015592819877,-0.265933017920848,0.0240825748990289,1.00153000106231
-0.355155457528466,-0.35043539531716,0.00472006221130622,1.00214665825036
-0.291710132626037,-0.28594981879941,0.0057603138266264,1.00152504623318
-0.318357690788085,-0.298275147304904,0.0200825434831812,1.00181826342058
-0.298049794735788,-0.294277118902729,0.00377267583305868,1.00157590993547
-0.514676064254498,-0.507677531170914,0.00699853308358322,1.00372958678458
-0.157720912250261,-0.161273528133349,-0.00355261588308803,1.00013107442962
-0.315358216113844,-0.299209254251772,0.0161489618620716,1.001765824983
-0.328856591593305,-0.317453688797895,0.0114029027954097,1.00186533446897
-0.320058048703105,-0.308121048119443,0.0119370005836615,1.00177842051444
-0.207049886130441,-0.216756382111627,-0.00970649598118536,1.00061422797244
-0.119995181707603,-0.118443403355611,0.00155177835199181,0.999791144592271
-0.228528791071493,-0.226169923908274,0.00235886716321829,1.00088406554083
-0.18101254842912,-0.166843211589546,0.0141693368395744,1.00039395485051
-0.197372613216977,-0.187660779845993,0.0097118333709838,1.00053497113916
-0.283465689386391,-0.268086135002452,0.0153795543839385,1.00140868394013
-0.31310907037432,-0.303297945911825,0.00981112446249532,1.00171285134463
-0.370169936850808,-0.378307946859437,-0.00813801000862896,1.00225558220844
-0.261097723835041,-0.26158491795247,-0.000487194117428646,1.00120707076767
-0.186450089704764,-0.186998651050943,-0.0005485613461787,1.00045269490939
-0.335518669306071,-0.312019615153746,0.0234990541523251,1.00194193297325
-0.293001884275119,-0.303061994397344,-0.0100601101222248,1.00150795474379
-0.18289056727613,-0.158912849695384,0.0239777175807453,1.00039576710686
-0.31937365299879,-0.32054174345591,-0.00116809045712069,1.00184330286888
-0.348091225435939,-0.332783395191476,0.0153078302444632,1.0020645826832
-0.319840850341491,-0.325805326396571,-0.00596447605507994,1.00178303714821
-0.370694451239985,-0.363856807097962,0.00683764414202226,1.0023060492599
-0.187918828922543,-0.184492462696256,0.00342636622628703,1.0004479785095
-0.442874865533998,-0.431480585501023,0.011394280032975,1.00302791739851
-0.22829118446007,-0.217407998488517,0.0108831859715531,1.00080113666299
-0.266059792024067,-0.272159817008313,-0.00610002498424583,1.00125264758604
-0.354927545930772,-0.330687300827873,0.0242402451028993,1.00210027971668
-0.236217248492574,-0.248499870707554,-0.0122826222149802,1.00096247961195
-0.347535652191179,-0.334499045094777,0.0130366070964014,1.00207117767484
-0.203471688248325,-0.213592487169237,-0.0101207989209117,1.00063159280791
-0.327859577603876,-0.312437472431092,0.0154221051727846,1.00187256850516
-0.257351492133107,-0.248908156110696,0.00844333602241096,1.00119994439558
-0.346034720757549,-0.317819195014393,0.0282155257431561,1.00210412808374
-0.262648548169868,-0.266697245248071,-0.00404869707820232,1.00125344239129
-0.315867266516157,-0.333154276955497,-0.0172870104393398,1.00177720241969
-0.223301219432438,-0.254461632242133,-0.0311604128096951,1.00081912700809
-0.365420877380608,-0.36203875301543,0.00338212436517793,1.00221947554252
-0.39013871532467,-0.366050281750916,0.0240884335737543,1.00251894326999
-0.305120719794226,-0.302709806020578,0.00241091377364766,1.00163746747029
-0.295388229081437,-0.316623044276969,-0.0212348151955315,1.001526252082
-0.129313093701621,-0.138209652120714,-0.00889655841909334,0.999885578975542
-0.335727821600668,-0.318998702158468,0.0167291194421992,1.00204354034265
-0.221501051019152,-0.210475833552623,0.0110252174665292,1.00082400795824
-0.343538495393749,-0.354932795603479,-0.0113943002097294,1.00203866430745
-0.435393736885864,-0.431460327713836,0.00393340917202811,1.00296621307062
-0.345092514116465,-0.32874373834987,0.0163487757665956,1.00205794002928
-0.420439775815342,-0.398147915019986,0.0222918607953564,1.00287878608995
-0.321287090368986,-0.318775606128492,0.00251148424049424,1.00178102309447
-0.313924001237197,-0.297695652080394,0.0162283491568034,1.00170416513411
-0.21344097943181,-0.223749841096154,-0.0103088616643444,1.00079295414914
-0.356238410714708,-0.370745970099043,-0.0145075593843356,1.00218227182317
-0.181263721975977,-0.195915946390534,-0.0146522244145577,1.00042011111247
-0.389713264446146,-0.378532199537897,0.011181064908249,1.00251839744767
-0.229917425583042,-0.213000859340407,0.0169165662426349,1.0008938042556
-0.35911387190695,-0.347484112572493,0.0116297593344564,1.00219969722321
-0.287710452207247,-0.268108628452377,0.0196018237548701,1.00144536764169
-0.353719177993277,-0.322865971213962,0.0308532067793151,1.00212114202592
-0.249194127243862,-0.243961285643346,0.00523284160051657,1.00106927611983
-0.362172996225092,-0.358785853247685,0.00338714297740672,1.00220892491466
-0.373109051003326,-0.368059030218037,0.0050500207852886,1.00234272606889
-0.228604381641288,-0.228263065059465,0.000341316581823708,1.00084338891756
-0.266850330852772,-0.25688407424977,0.0099662566030021,1.00127769952085
-0.268227192000767,-0.252184111963686,0.0160430800370815,1.00123940074416
-0.403532306339829,-0.381813932078692,0.0217183742611369,1.00262465814626
-0.293359779800277,-0.315251724806599,-0.021891945006322,1.00154340403391
-0.160718847034717,-0.171862130318245,-0.0111432832835273,1.00017682893932
-0.20052908848186,-0.194874200694702,0.00565488778715825,1.00060723700965
-0.253198154245074,-0.254982892853486,-0.00178473860841222,1.00115452700892
-0.247175238606824,-0.237996774073784,0.00917846453304053,1.00106186587009
-0.299308868025601,-0.294660155915941,0.00464871210965967,1.00158380310221
-0.420034817130458,-0.421478138896818,-0.00144332176636047,1.00276760720992
-0.180524725616432,-0.148709281800552,0.0318154438158799,1.00046836453629
-0.26044644735562,-0.276364684051094,-0.0159182366954747,1.00121313770482
-0.227710198160764,-0.212277814876969,0.0154323832837941,1.00085011924647
-0.312093094564113,-0.282929849053469,0.0291632455106436,1.00175301170101
-0.250359294007339,-0.260650010993271,-0.0102907169859326,1.00110932297373
-0.304988182289497,-0.297152954369998,0.00783522791949831,1.0015941723798
-0.392246457716833,-0.384195631732433,0.00805082598440043,1.00250637463289
-0.237250430234539,-0.251116914661505,-0.0138664844269661,1.00098205718141
-0.320271296790852,-0.322742841468434,-0.00247154467758248,1.00179149116278
-0.275348221502579,-0.250361277355414,0.0249869441471655,1.00134392749745
-0.167924731234641,-0.162334152102444,0.00559057913219704,1.0003104512228
-0.340165384910543,-0.326252988130311,0.0139123967802313,1.00204773820875
-0.223429514724985,-0.205051327579819,0.0183781871451661,1.00082733929579
-0.245842920848595,-0.238980458678843,0.006862462169752,1.00106619158228
-0.316567205712527,-0.313261906056527,0.00330529965599941,1.00173651638682
-0.40335742200909,-0.394833518258979,0.00852390375011025,1.00256421436315
-0.322144002658165,-0.323096473334783,-0.0009524706766188,1.00183259510436
-0.30181827238859,-0.299760543402839,0.00205772898575129,1.00156722256588
-0.290995408384688,-0.288196641615459,0.0027987667692283,1.00150558893784
-0.41490001458973,-0.400984905469569,0.0139151091201612,1.00268764857696
-0.409624004819091,-0.400707563754903,0.00891644106418882,1.00263510504811
-0.202127500353995,-0.195478061841756,0.00664943851223918,1.00065274238932
-0.278142094494432,-0.295500601193239,-0.0173585066988063,1.0013519162342
-0.214431558630845,-0.219284576239883,-0.00485301760903806,1.00068405019392
-0.281697712945463,-0.296174018036281,-0.0144763050908178,1.00139177098899
-0.326221463780223,-0.322550983392696,0.00367048038752693,1.00183711382694
-0.255631163540254,-0.262160306593945,-0.0065291430536909,1.00116070244293
-0.268453910789484,-0.2450573739849,0.0233965368045846,1.0012899812347
-0.28327786077515,-0.256009740658276,0.0272681201168744,1.00147340608715
-0.15708318265768,-0.145968893447791,0.0111142892098892,1.00016476406896
-0.316654827431467,-0.320337228673583,-0.00368240124211627,1.00173033541244
-0.260364106985652,-0.248168156006729,0.0121959509789237,1.0011776326771
-0.336833132012406,-0.31788472499537,0.0189484070170362,1.00196131830381
-0.224840036283745,-0.226712794182012,-0.00187275789826666,1.00083185541179
-0.177301745213529,-0.168443685480853,0.00885805973267625,1.00039162429222
-0.244712828376832,-0.241350767097359,0.0033620612794725,1.00107909526843
-0.292519446454317,-0.287392829045252,0.00512661740906517,1.00151154371701
-0.247435586871547,-0.248312020764615,-0.000876433893067352,1.0011028283917
-0.171433301894933,-0.175803690115324,-0.00437038822039115,1.00032556669015
-0.224572478170298,-0.209852039400343,0.0147204387699545,1.00083688345177
-0.173545390990628,-0.166299539071204,0.0072458519194244,1.00035524938305
-0.263629075777521,-0.27027009032993,-0.0066410145524089,1.00125148314815
-0.373995718562004,-0.378773264476438,-0.00477754591443375,1.00237755840762
-0.227596569533759,-0.206931621084032,0.0206649484497276,1.00087033443197
-0.228873604149365,-0.231393706433255,-0.00252010228388988,1.00090791425273
-0.162773380304501,-0.146870614255995,0.0159027660485062,1.00019710041379
-0.241661698299518,-0.243449776403392,-0.00178807810387333,1.00098129232381
-0.331268711801383,-0.316379652902276,0.0148890588991067,1.00193239815002
-0.217187814434976,-0.205554702398781,0.0116331120361948,1.00074164973792
-0.303905159614115,-0.280074584633539,0.0238305749805763,1.00161423905029
-0.159697299808759,-0.158634792095088,0.0010625077136707,1.00019476473283
-0.28237091013185,-0.293916778092418,-0.0115458679605689,1.00134810272257
-0.168114505269905,-0.171746026566426,-0.00363152129652142,1.00030608343632
-0.404366948309044,-0.407660878360338,-0.0032939300512933,1.00262749703697
-0.223790837853006,-0.220950148025603,0.00284068982740288,1.00079079851523
-0.411485779194792,-0.405580045430841,0.00590573376395054,1.00268144863876
-0.256719715488918,-0.279355819744602,-0.0226361042556846,1.00112678123558
-0.410960242556722,-0.393881963178622,0.0170782793781005,1.00272632626947
-0.253246100357821,-0.238142985392812,0.0151031149650082,1.00108442422498
-0.284443723094229,-0.302691385134255,-0.0182476620400256,1.00145745525436
-0.304881597726598,-0.326797263167971,-0.0219156654413737,1.00163509544253
-0.377358237936172,-0.374146350551799,0.003211887384373,1.00236363556248
-0.246018870369746,-0.233848656130955,0.0121702142387917,1.00101929460468
-0.24153715286383,-0.253877053686489,-0.0123399008226584,1.00101954982317
-0.176344737077141,-0.168727377326707,0.00761735975043468,1.00036171744477
-0.251768347142019,-0.28070591937151,-0.0289375722294916,1.00112405870259
-0.451521580371345,-0.437099763911601,0.0144218164597444,1.00314422835668
-0.304033017451631,-0.305160011855679,-0.00112699440404856,1.00160727911227
-0.3347447204447,-0.332061471907227,0.00268324853747343,1.00191386674099
-0.372289516841618,-0.383185112159068,-0.0108955953174509,1.00228867383162
-0.198357681499307,-0.216507715346328,-0.0181500338470211,1.00058077060483
-0.218130480921447,-0.21036367165212,0.00776680926932702,1.0008146590671
-0.259911502843088,-0.250428481440327,0.00948302140276153,1.001106674301
-0.453982683313529,-0.436532841636574,0.0174498416769551,1.00312242993922
-0.165438482238502,-0.162276005117816,0.00316247712068554,1.00026720013722
-0.299591786492212,-0.282450387466687,0.017141399025525,1.00159622680807
-0.288127604757893,-0.280034225706021,0.00809337905187213,1.00145766631669
-0.384699540747139,-0.362555463694319,0.0221440770528192,1.00239453151612
-0.189723503990217,-0.181815601840073,0.00790790215014442,1.00049389490326
-0.0973384297216521,-0.0773681509185477,0.0199702788031043,0.999555597105597
-0.297457526129779,-0.30065119491623,-0.00319366878645083,1.00156902249849
-0.413835247867575,-0.411497071300701,0.00233817656687429,1.00263227987116
-0.125305535275115,-0.137332376872232,-0.0120268415971173,0.999862354017117
-0.274006852661391,-0.291213803425628,-0.017206950764237,1.00132026107153
-0.412796000595459,-0.423885417007571,-0.0110894164121116,1.00267697437696
-0.308489957917787,-0.296670094007121,0.0118198639106654,1.00166070746024
-0.373479627269121,-0.361063881155461,0.0124157461136596,1.00239579698164
-0.398300829051535,-0.404713369558867,-0.00641254050733192,1.0025347609086
-0.318765443921916,-0.304839110336945,0.013926333584971,1.0017745545553
-0.364326707452131,-0.352559292879561,0.0117674145725701,1.00225592091343
-0.252133290752763,-0.242115036509029,0.0100182542437336,1.00108656221136
-0.29608352593815,-0.295429468357621,0.000654057580528555,1.00153146661334
-0.290409339180002,-0.30366909146558,-0.0132597522855777,1.00150660294057
-0.296211284836354,-0.280874720238368,0.0153365645979854,1.00152582711127
-0.254363383717192,-0.227489345670418,0.0268740380467734,1.00113550413045
-0.273032481444273,-0.281989236252194,-0.00895675480792096,1.00134105159468
-0.185887236741817,-0.149889745685441,0.0359974910563758,1.00049996376669
-0.287995691554629,-0.276351894196107,0.0116437973585212,1.00147678274287
-0.27714583000474,-0.28780864265983,-0.0106628126550899,1.00138713180534
-0.424136142465535,-0.423740638446105,0.00039550401943006,1.00283762521273
-0.316888936681974,-0.306897135870051,0.00999180081192308,1.00180410530651
-0.276041126717761,-0.264974980767987,0.0110661459497745,1.00128690797686
-0.289768873434722,-0.256934427456205,0.0328344459785174,1.00147478911965
-0.284013300227541,-0.26808378018349,0.0159295200440513,1.00142872446578
-0.248591518249974,-0.226602951936966,0.021988566313008,1.00106591733479
-0.262935095324758,-0.25216688417299,0.0107682111517677,1.00125663763101
-0.0858772290812193,-0.088089420476479,-0.0022121913952597,0.999446555018591
-0.359955136001202,-0.35766023783384,0.00229489816736234,1.0022678481057
-0.258969427091821,-0.267694104528198,-0.00872467743637684,1.00116852163633
-0.239637444269818,-0.204984198711939,0.0346532455578787,1.00097574912348
-0.368850234109163,-0.352603934346957,0.0162462997622066,1.00226197058507
-0.271621240078244,-0.267382263040013,0.00423897703823034,1.00127001303058
-0.131947983877999,-0.12282499058158,0.00912299329641873,0.999954797432216
-0.337124559776925,-0.295922326946866,0.0412022328300588,1.00197223852133
-0.431429436157233,-0.450083911566079,-0.0186544754088458,1.00289491535078
-0.344546080644272,-0.352758331637462,-0.00821225099319012,1.00208172753792
-0.241916626302207,-0.221644180142175,0.0202724461600316,1.0009432007703
-0.293548773770436,-0.300851029361562,-0.00730225559112685,1.00155584767147
-0.330414017735645,-0.327556256454606,0.00285776128103876,1.00189599454584
-0.225666899507598,-0.230115739532955,-0.00444884002535656,1.00084784547816
-0.332991311651374,-0.337220635176946,-0.00422932352557231,1.00194115439496
-0.440772390862676,-0.434891152120291,0.00588123874238511,1.00298154624838
-0.384159872694619,-0.36901966128027,0.0151402114143487,1.0024243871897
-0.362878836635599,-0.369608850940239,-0.00673001430463993,1.00219078585201
-0.41142301022208,-0.402885366205117,0.00853764401696372,1.00276528455346
-0.389948531524204,-0.380498240041383,0.00945029148282106,1.00255046820159
-0.312811702611811,-0.321963144331265,-0.00915144171945442,1.00176789913655
-0.323237288331721,-0.319202874805986,0.00403441352573525,1.00184162083423
-0.317494353205781,-0.317743163832713,-0.000248810626931606,1.00181212481817
-0.222682102156317,-0.247524044050571,-0.0248419418942542,1.00086856392654
-0.170576256204575,-0.173619104931586,-0.00304284872701188,1.00034660783355
-0.137014806526096,-0.154645638600623,-0.0176308320745272,0.999981275850975
-0.383635246896748,-0.374259335112974,0.00937591178377428,1.00245401635445
-0.298924494287075,-0.273827650552487,0.0250968437345875,1.00158395275751
-0.273854820130655,-0.26508361384386,0.00877120628679529,1.00133021732428
-0.306683907575858,-0.286806889973764,0.0198770176020938,1.00168975661446
-0.252328469966405,-0.245656602685003,0.00667186728140248,1.00116619073504
-0.233214655423699,-0.232125668490453,0.00108898693324547,1.00090110790628
-0.432789434573759,-0.416111846281024,0.0166775882927355,1.00287886633503
-0.274963405898492,-0.266667743033991,0.00829566286450145,1.00132998991171
-0.272527747882078,-0.287134388119199,-0.0146066402371209,1.00137487140381
-0.277407434322955,-0.278366204078689,-0.00095876975573439,1.0013302065328
-0.240277919359084,-0.241511973712125,-0.00123405435304028,1.00099523049172
-0.145935112521069,-0.132724397919884,0.0132107146011849,1.00015503473369
-0.313437182974152,-0.290001534402738,0.0234356485714136,1.00172907545746
-0.102188057340634,-0.0924499992935379,0.00973805804709658,0.999657617317201
-0.388833193606204,-0.401894210771577,-0.0130610171653731,1.00247226241156
-0.313819172240566,-0.313520444378089,0.000298727862477255,1.00169597285307
-0.18960708777936,-0.207092286860175,-0.0174851990808146,1.00046666173919
-0.266526360360599,-0.283574409336251,-0.0170480489756517,1.00123825302257
-0.216807120943593,-0.223654096568225,-0.00684697562463207,1.00079415773856
-0.183443264181695,-0.178120033225046,0.00532323095664891,1.00040186241273
-0.122192259185936,-0.117970628496582,0.00422163068935326,0.999833539614314
-0.338774394662725,-0.327914991169588,0.0108594034931372,1.00192749861085
-0.268368614470381,-0.278576063264428,-0.0102074487940477,1.00124857868296
-0.320382902319267,-0.313415931566669,0.0069669707525975,1.00180976269286
-0.286319999687742,-0.28310831360328,0.00321168608446182,1.00149217727437
-0.361878268007656,-0.351034729733177,0.0108435382744789,1.0022187130259
-0.416287914658968,-0.422336615935135,-0.00604870127616691,1.0027198225756
-0.345644226585712,-0.34152410830039,0.00412011828532199,1.00209291876067
-0.278693167226582,-0.269226202581265,0.00946696464531727,1.00140307102429
-0.287980332928557,-0.278000669247937,0.00997966368062042,1.0014474421844
-0.236734760539144,-0.226969052486596,0.00976570805254795,1.00094187009478
-0.256817162966692,-0.267095236150956,-0.0102780731842637,1.00121538369137
-0.305657644109673,-0.310003280107089,-0.00434563599741628,1.00168703113093
-0.319276993539248,-0.301148398636652,0.0181285949025956,1.00175785957441
-0.316043255360439,-0.317970617020485,-0.00192736166004648,1.00177057120806
-0.0927309085861705,-0.104688352964708,-0.0119574443785372,0.999535707691152
-0.224605514727568,-0.221735914101467,0.00286960062610134,1.00087649299031
-0.283402309966417,-0.283271509544187,0.000130800422230071,1.00144540747883
-0.455177976519263,-0.454716365870777,0.000461610648486654,1.00311201232232
-0.400712599094423,-0.362956014742291,0.0377565843521318,1.00259778190561
-0.357254622921608,-0.371953725414179,-0.0146991024925706,1.00217108027618
-0.180900384927204,-0.175368608930989,0.00553177599621499,1.00043014226386
-0.235151938211055,-0.242112021357855,-0.00696008314680027,1.00088771834621
-0.141782663126935,-0.144944315729251,-0.00316165260231621,1.00004240678326
-0.24055213656642,-0.219289908048851,0.0212622285175687,1.00101693223723
-0.409598619806338,-0.411137306673739,-0.00153868686740088,1.00264764390653
-0.325756045803388,-0.315698992725102,0.0100570530782864,1.00187583442467
-0.323220499116371,-0.308755827597487,0.0144646715188837,1.00179550731107
-0.17996076413606,-0.185445644103122,-0.00548487996706215,1.00040507271367
-0.350753669474163,-0.339659141982694,0.0110945274914686,1.00207782800046
-0.264134227700573,-0.250115337704024,0.0140188899965487,1.00122251264053
-0.157089119820731,-0.157672992187444,-0.00058387236671284,1.00016061935555
-0.242794823993762,-0.223487811692055,0.0193070123017073,1.00100774180746
-0.286369120826443,-0.26514648141604,0.0212226394104029,1.00148776690972
-0.135371368999198,-0.116420337797171,0.0189510312020265,0.999943113279786
-0.312122941307765,-0.317153057219665,-0.00503011591189995,1.00173170714853
-0.385507799776407,-0.370954241681138,0.0145535580952685,1.00242147192674
-0.277589374113326,-0.281057939544941,-0.00346856543161445,1.00130581988229
-0.149075637738484,-0.142154705853007,0.00692093188547649,1.0000406363587
-0.306062929168083,-0.283763535395514,0.0222993937725693,1.00165006402414
-0.468576739123571,-0.441559345828449,0.0270173932951223,1.00328576484725
-0.20611317871291,-0.209707678378428,-0.00359449966551784,1.00062637867528
-0.148094722718442,-0.134117836299328,0.0139768864191144,1.00004126287585
-0.367131502633884,-0.375135096344388,-0.00800359371050419,1.00226200610355
-0.139766147304779,-0.109187145918745,0.0305790013860342,1.00000227063888
-0.280436835971903,-0.267757362302896,0.0126794736690062,1.00134695643085
-0.367481942724144,-0.374301108669347,-0.00681916594520304,1.00228808355397
-0.334313038669752,-0.332623169759749,0.00168986891000333,1.00193679168743
-0.247220580020686,-0.2695979462151,-0.0223773661944144,1.00108475442384
-0.387099754038153,-0.375081515393081,0.0120182386450722,1.00244591800846
-0.327959684451951,-0.317409134222593,0.0105505502293572,1.00183117652573
-0.030508884822363,-0.0517276777300819,-0.0212187929077189,0.998934346959358
-0.361322823496819,-0.373614386048958,-0.0122915625521382,1.00219266758095
-0.244372207549997,-0.242317128840686,0.00205507870931096,1.00107594373837
-0.287150746044158,-0.273150264203703,0.0140004818404543,1.00150646083437
-0.251386531776148,-0.238246653281178,0.0131398784949703,1.00112185957091
-0.116992055499129,-0.110667532467731,0.00632452303139795,0.99976291700041
-0.280373347420559,-0.290568374984081,-0.0101950275635217,1.00137932512767
-0.208773533028751,-0.220123062805958,-0.0113495297772069,1.00062160046004
-0.298162171747418,-0.289581322480763,0.00858084926665514,1.00156894709842
-0.416893132997975,-0.424285291548572,-0.00739215855059666,1.00277672164828
-0.122879563619268,-0.122753731976968,0.000125831642299221,0.999807409905022
-0.301157360178113,-0.297767576986549,0.00338978319156419,1.00161940468327
-0.253231846793311,-0.248567338536173,0.00466450825713829,1.00114125033131
-0.247947045781572,-0.248955273487579,-0.00100822770600664,1.00100784443661
-0.236777505296674,-0.224536005207736,0.0122415000889383,1.00096223810961
-0.200474688911283,-0.242257210140956,-0.0417825212296735,1.00059844487413
-0.190851646353511,-0.186849727528763,0.00400191882474887,1.00048924175973
-0.2504529262334,-0.238641362292209,0.0118115639411907,1.00113046378209
-0.195042060082775,-0.223053896142166,-0.0280118360593906,1.00057073737241
-0.463902385788893,-0.453434255475751,0.0104681303131417,1.00322333322251
-0.314721916334302,-0.314957601943525,-0.000235685609222436,1.00170641111831
-0.273475469160863,-0.278284630612631,-0.00480916145176857,1.00130130972637
-0.238836449192374,-0.221172965032396,0.0176634841599782,1.00102362550854
-0.323932158096171,-0.318562631218784,0.00536952687738673,1.00184969497938
-0.444434288877147,-0.461117293584963,-0.0166830047078154,1.00306709443433
-0.338989679663379,-0.352046116455641,-0.0130564367922618,1.00198355145251
-0.262898873103882,-0.277948645734856,-0.0150497726309732,1.00115901063583
-0.321402116895057,-0.316377287454515,0.00502482944054183,1.00178245291253
-0.277039275696204,-0.276929819125513,0.000109456570690614,1.00127669906697
-0.228970345326006,-0.215457842317826,0.0135125030081796,1.00082364876249
-0.239532509604632,-0.229418122345404,0.0101143872592281,1.00096909354525
-0.174625476070368,-0.163500119578061,0.0111253564923074,1.00026537791101
-0.329735307019994,-0.329681254627696,5.40523922979985e-05,1.00187675599773
-0.317754893397343,-0.295844636393829,0.0219102570035131,1.00175092039848
-0.338889702200069,-0.357931688596306,-0.0190419863962377,1.00201649725351
-0.268742598843625,-0.273155509494323,-0.00441291065069854,1.00127847133587
-0.368620601204286,-0.378343279783449,-0.00972267857916365,1.00225823818706
-0.218156053147097,-0.218388071052825,-0.000232017905727161,1.00077311415539
-0.313647633373658,-0.300533674614985,0.0131139587586732,1.00173106731427
-0.315890841935999,-0.287388495492287,0.0285023464437127,1.00174021049982
-0.369837842868759,-0.357927483467513,0.0119103594012463,1.00229215631074
-0.347988663118493,-0.355018090383318,-0.0070294272648242,1.00210694462378
-0.32634843021318,-0.334341780166214,-0.00799334995303425,1.00182435189814
-0.133276478224032,-0.148140562163386,-0.0148640839393541,0.999959747989761
-0.414463349138585,-0.385037395705757,0.0294259534328278,1.0027599933751
-0.165344376693615,-0.15594074062652,0.00940363606709443,1.00024830111623
-0.225042854595702,-0.207917190095445,0.0171256645002571,1.00086018090291
-0.305711177711174,-0.30295745948426,0.00275371822691373,1.00166393236335
-0.190174953477536,-0.189383640799896,0.000791312677640071,1.00054710155924
-0.177812142483648,-0.18929813171581,-0.0114859892321615,1.00041204986028
-0.267761189236319,-0.279467107269598,-0.0117059180332788,1.00126907082102
-0.283674644934567,-0.287878521284861,-0.0042038763502949,1.00143620489205
-0.308990419258574,-0.288636654654471,0.0203537646041032,1.00164361013542
-0.242558363308866,-0.22199165499383,0.0205667083150355,1.00101030891864
-0.235295040409853,-0.239243156926076,-0.00394811651622257,1.00093483590612
-0.40705321213307,-0.42269239476355,-0.0156391826304795,1.00262820987013
-0.252386211434436,-0.232240448772229,0.0201457626622078,1.00111923743495
-0.335470601248769,-0.338433679955269,-0.00296307870650014,1.00199187169832
-0.336999263246301,-0.327580562826851,0.00941870041944937,1.00197748093512
-0.162204782392334,-0.164590199819755,-0.00238541742742118,1.00016981999462
-0.335440932012811,-0.321715967413565,0.0137249645992454,1.00193233657084
-0.225315649843138,-0.235084418834198,-0.00976876899105972,1.00082743680752
-0.278030341204422,-0.288965813764575,-0.0109354725601532,1.00135060332254
-0.190448234642698,-0.16736868349961,0.0230795511430888,1.00048419438716
-0.225947443722782,-0.214646666743451,0.0113007769793312,1.00083467660176
-0.26594750961545,-0.280120066222048,-0.0141725566065983,1.00125168151298
-0.259022204212823,-0.240393143104656,0.0186290611081663,1.00114626363104
-0.217865728627977,-0.219697116947051,-0.00183138831907334,1.00073993720584
-0.326188385675559,-0.343492079803342,-0.0173036941277833,1.00181977184593